Interesting features of the instances:
p    = number of subgraphs
n    = number of vertices
m    = number of edges
LB   = value of the combinatorial lower bound
BK   = value of the upper bound (best known result obtained in the whole experimental campaign)
ALNS = value obtained by the best parameter tuning of the ALNS algorithm
mTS  = value obtained by the best parameter tuning of the mTS algorithm

Instance        p      n         m     LB      BK    ALNS     mTS
n100plap1i1     5    100       570     78      98      98      98
n100plap1i2     5    100       562     80      99      99      99
n100plap1i3     5    100       556     82      99      99      99
n100plap1i4     5    100       560     80      98      98      98
n100plap1i5     5    100       568     84      98      98      98
n100plap2i1    10    100       570     65     103     103     104
n100plap2i2    10    100       562     68     109     109     109
n100plap2i3    10    100       556     70     108     108     110
n100plap2i4    10    100       560     67     102     102     102
n100plap2i5    10    100       568     73     107     107     108
n100plap3i1    22    100       570     44     152     152     159
n100plap3i2    22    100       562     49     156     156     163
n100plap3i3    22    100       556     47     162     162     179
n100plap3i4    22    100       560     44     147     152     156
n100plap3i5    22    100       568     53     166     166     171
n100d03p1i1     5    100      3300     82      82      82      82
n100d03p1i2     5    100      3300     82      82      82      82
n100d03p1i3     5    100      3300     81      85      88      85
n100d03p1i4     5    100      3300     83      83      83      83
n100d03p1i5     5    100      3300     84      84      87      84
n100d03p2i1    10    100      3300     67      70      70      71
n100d03p2i2    10    100      3300     67      69      69      69
n100d03p2i3    10    100      3300     70      76      76      77
n100d03p2i4    10    100      3300     68      68      68      68
n100d03p2i5    10    100      3300     72      75      75      76
n100d03p3i1    22    100      3300     45      65      65      66
n100d03p3i2    22    100      3300     48      64      64      64
n100d03p3i3    22    100      3300     47      69      69      69
n100d03p3i4    22    100      3300     42      57      57      57
n100d03p3i5    22    100      3300     50      66      66      66
n100d06p1i1     5    100      6600     85      85      85      85
n100d06p1i2     5    100      6600     79      81      81      81
n100d06p1i3     5    100      6600     84      84      84      84
n100d06p1i4     5    100      6600     82      82      83      82
n100d06p1i5     5    100      6600     82      82      83      82
n100d06p2i1    10    100      6600     71      72      72      72
n100d06p2i2    10    100      6600     65      69      69      69
n100d06p2i3    10    100      6600     73      73      73      73
n100d06p2i4    10    100      6600     69      70      70      70
n100d06p2i5    10    100      6600     67      68      68      68
n100d06p3i1    22    100      6600     47      51      51      51
n100d06p3i2    22    100      6600     44      53      53      53
n100d06p3i3    22    100      6600     49      53      53      53
n100d06p3i4    22    100      6600     46      50      50      50
n100d06p3i5    22    100      6600     42      49      49      49
n200plap1i1     5    200      1154    176     197     197     197
n200plap1i2     5    200      1144    176     196     196     196
n200plap1i3     5    200      1156    175     198     198     198
n200plap1i4     5    200      1140    178     197     197     197
n200plap1i5     5    200      1156    181     201     201     201
n200plap2i1    14    200      1154    148     209     209     213
n200plap2i2    14    200      1144    145     216     216     217
n200plap2i3    14    200      1156    145     210     210     218
n200plap2i4    14    200      1140    151     206     206     208
n200plap2i5    14    200      1156    154     227     227     234
n200plap3i1    38    200      1154     96     329     329     376
n200plap3i2    38    200      1144     94     345     345     382
n200plap3i3    38    200      1156     96     343     343     391
n200plap3i4    38    200      1140    102     370     370     438
n200plap3i5    38    200      1156    103     412     413     481
n200d03p1i1     5    200     13266    178     178     179     178
n200d03p1i2     5    200     13266    174     174     174     174
n200d03p1i3     5    200     13266    175     176     179     176
n200d03p1i4     5    200     13266    184     184     184     184
n200d03p1i5     5    200     13266    182     183     183     183
n200d03p2i1    14    200     13266    149     150     150     151
n200d03p2i2    14    200     13266    146     148     148     149
n200d03p2i3    14    200     13266    143     148     148     149
n200d03p2i4    14    200     13266    157     161     161     162
n200d03p2i5    14    200     13266    155     158     158     159
n200d03p3i1    38    200     13266     97     124     124     126
n200d03p3i2    38    200     13266     94     124     125     129
n200d03p3i3    38    200     13266     95     126     126     128
n200d03p3i4    38    200     13266    107     145     146     147
n200d03p3i5    38    200     13266    105     144     145     145
n200d06p1i1     5    200     26534    174     174     174     174
n200d06p1i2     5    200     26534    183     183     183     183
n200d06p1i3     5    200     26534    180     180     181     180
n200d06p1i4     5    200     26534    177     177     177     177
n200d06p1i5     5    200     26534    178     178     178     178
n200d06p2i1    14    200     26534    143     143     143     143
n200d06p2i2    14    200     26534    157     159     159     159
n200d06p2i3    14    200     26534    153     153     153     153
n200d06p2i4    14    200     26534    149     149     149     149
n200d06p2i5    14    200     26534    149     149     149     149
n200d06p3i1    38    200     26534     93     95       95      99
n200d06p3i2    38    200     26534    109     116     116     119
n200d06p3i3    38    200     26534    103     105     105     109
n200d06p3i4    38    200     26534     96     104     104     105
n200d06p3i5    38    200     26534    100     104     104     105
n300plap1i1     6    300      1736    276     301     301     301
n300plap1i2     6    300      1740    271     301     301     301
n300plap1i3     6    300      1730    274     299     299     299
n300plap1i4     6    300      1704    273     300     300     300
n300plap1i5     6    300      1718    273     298     298     298
n300plap2i1    17    300      1736    241     328     328     333
n300plap2i2    17    300      1740    233     324     324     324
n300plap2i3    17    300      1730    238     320     320     328
n300plap2i4    17    300      1704    238     323     323     326
n300plap2i5    17    300      1718    234     312     312     314
n300plap3i1    53    300      1736    161     574     576     655
n300plap3i2    53    300      1740    150     628     628     775
n300plap3i3    53    300      1730    157     704     766     898
n300plap3i4    53    300      1704    162     550     551     648
n300plap3i5    53    300      1718    152     632     773     757
n300d03p1i1     6    300     29900    274     275     276     275
n300d03p1i2     6    300     29900    272     272     273     272
n300d03p1i3     6    300     29900    274     275     275     275
n300d03p1i4     6    300     29900    272     272     273     272
n300d03p1i5     6    300     29900    268     268     268     268
n300d03p2i1    17    300     29900    235     237     237     242
n300d03p2i2    17    300     29900    233     237     237     239
n300d03p2i3    17    300     29900    237     245     245     248
n300d03p2i4    17    300     29900    235     240     241     241
n300d03p2i5    17    300     29900    228     232     233     233
n300d03p3i1    53    300     29900    154     191     192     203
n300d03p3i2    53    300     29900    158     197     199     204
n300d03p3i3    53    300     29900    161     202     205     214
n300d03p3i4    53    300     29900    157     199     204     205
n300d03p3i5    53    300     29900    149     208     213     218
n300d06p1i1     6    300     59800    270     270     273     270
n300d06p1i2     6    300     59800    274     274     274     274
n300d06p1i3     6    300     59800    272     272     272     272
n300d06p1i4     6    300     59800    268     269     269     269
n300d06p1i5     6    300     59800    274     274     274     274
n300d06p2i1    17    300     59800    234     234     234     239
n300d06p2i2    17    300     59800    236     236     236     240
n300d06p2i3    17    300     59800    232     234     234     237
n300d06p2i4    17    300     59800    229     231     231     233
n300d06p2i5    17    300     59800    234     234     234     235
n300d06p3i1    53    300     59800    161     164     166     170
n300d06p3i2    53    300     59800    156     160     161     167
n300d06p3i3    53    300     59800    150     157     160     167
n300d06p3i4    53    300     59800    147     159     160     166
n300d06p3i5    53    300     59800    152     161     162     169
n400plap1i1     6    400      2310    368     399     399     399
n400plap1i2     6    400      2272    369     402     402     402
n400plap1i3     6    400      2274    373     400     400     400
n400plap1i4     6    400      2302    369     398     398     398
n400plap1i5     6    400      2316    372     397     397     397
n400plap2i1    20    400      2310    314     425     425     435
n400plap2i2    20    400      2272    312     438     438     463
n400plap2i3    20    400      2274    322     435     435     439
n400plap2i4    20    400      2302    317     425     425     432
n400plap2i5    20    400      2316    322     421     421     427
n400plap3i1    67    400      2310    207     819     819    1069
n400plap3i2    67    400      2272    202     988    1074    1342
n400plap3i3    67    400      2274    211     947    1200    1194
n400plap3i4    67    400      2302    208     893     893    1252
n400plap3i5    67    400      2316    213     883     883    1034
n400d03p1i1     6    400     53200    369     369     372     371
n400d03p1i2     6    400     53200    374     376     376     376
n400d03p1i3     6    400     53200    368     368     368     368
n400d03p1i4     6    400     53200    365     365     367     365
n400d03p1i5     6    400     53200    375     375     375     376
n400d03p2i1    20    400     53200    324     325     325     332
n400d03p2i2    20    400     53200    319     327     328     334
n400d03p2i3    20    400     53200    317     320     320     334
n400d03p2i4    20    400     53200    307     311     311     314
n400d03p2i5    20    400     53200    328     328     328     335
n400d03p3i1    67    400     53200    218     261     267     277
n400d03p3i2    67    400     53200    208     261     269     282
n400d03p3i3    67    400     53200    205     270     280     281
n400d03p3i4    67    400     53200    195     254     256     267
n400d03p3i5    67    400     53200    221     269     274     282
n400d06p1i1     6    400    106400    376     376     377     376
n400d06p1i2     6    400    106400    373     373     374     373
n400d06p1i3     6    400    106400    367     367     367     367
n400d06p1i4     6    400    106400    374     374     374     375
n400d06p1i5     6    400    106400    369     369     370     370
n400d06p2i1    20    400    106400    330     332     332     335
n400d06p2i2    20    400    106400    325     325     325     332
n400d06p2i3    20    400    106400    320     320     320     322
n400d06p2i4    20    400    106400    318     318     318     323
n400d06p2i5    20    400    106400    321     321     321     323
n400d06p3i1    67    400    106400    219     229     230     241
n400d06p3i2    67    400    106400    218     220     220     230
n400d06p3i3    67    400    106400    213     218     218     229
n400d06p3i4    67    400    106400    206     215     216     222
n400d06p3i5    67    400    106400    217     217     218     224
n500plap1i1     6    500      2884    470     497     497     497
n500plap1i2     6    500      2842    465     493     493     493
n500plap1i3     6    500      2854    468     496     496     496
n500plap1i4     6    500      2876    465     493     493     493
n500plap1i5     6    500      2854    468     496     496     496
n500plap2i1    22    500      2884    410     532     532     538
n500plap2i2    22    500      2842    403     531     531     536
n500plap2i3    22    500      2854    413     532     532     539
n500plap2i4    22    500      2876    401     530     530     537
n500plap2i5    22    500      2854    405     540     540     545
n500plap3i1    80    500      2884    268    1051    1469    1276
n500plap3i2    80    500      2842    271    1301    3529    1737
n500plap3i3    80    500      2854    279    1211    2300    1502
n500plap3i4    80    500      2876    259    1211    2496    1547
n500plap3i5    80    500      2854    269    1331    5538    1792
n500d03p1i1     6    500     83166    471     471     472     472
n500d03p1i2     6    500     83166    468     468     470     468
n500d03p1i3     6    500     83166    472     472     472     472
n500d03p1i4     6    500     83166    469     469     469     469
n500d03p1i5     6    500     83166    474     474     476     474
n500d03p2i1    22    500     83166    411     413     413     421
n500d03p2i2    22    500     83166    413     416     416     419
n500d03p2i3    22    500     83166    413     413     413     426
n500d03p2i4    22    500     83166    411     413     413     419
n500d03p2i5    22    500     83166    418     421     421     425
n500d03p3i1    80    500     83166    278     333     340     352
n500d03p3i2    80    500     83166    283     334     343     352
n500d03p3i3    80    500     83166    283     338     349     356
n500d03p3i4    80    500     83166    279     341     355     356
n500d03p3i5    80    500     83166    284     327     339     351
n500d06p1i1     6    500    166334    472     472     472     472
n500d06p1i2     6    500    166334    466     466     467     466
n500d06p1i3     6    500    166334    471     471     472     471
n500d06p1i4     6    500    166334    462     462     463     462
n500d06p1i5     6    500    166334    465     465     466     465
n500d06p2i1    22    500    166334    414     415     416     420
n500d06p2i2    22    500    166334    406     406     406     412
n500d06p2i3    22    500    166334    414     414     414     420
n500d06p2i4    22    500    166334    403     403     403     412
n500d06p2i5    22    500    166334    399     401     401     416
n500d06p3i1    80    500    166334    279     288     292     298
n500d06p3i2    80    500    166334    279     290     290     303
n500d06p3i3    80    500    166334    282     295     297     308
n500d06p3i4    80    500    166334    269     277     277     287
n500d06p3i5    80    500    166334    262     272     272     287
