# n100plap1i1.txt

# 5 cluster
param p := 5 ;

# 100 vertici
set V := 
 1 2 3 4 5 6 7 8 9 10 11 12 13 14 15 16 17 18 19 20 21 22 23 24 25 26 27 28 29 30 31 32 33 34 35 36 37 38 39 40 41 42 43 44 45 46 47 48 49 50 51 52 53 54 55 56 57 58 59 60 61 62 63 64 65 66 67 68 69 70 71 72 73 74 75 76 77 78 79 80 81 82 83 84 85 86 87 88 89 90 91 92 93 94 95 96 97 98 99 100
;

param w := 
  1    1
  2    1
  3    3
  4    3
  5    5
  6    6
  7    6
  8    6
  9    7
 10    8
 11    8
 12    9
 13   12
 14   12
 15   13
 16   13
 17   13
 18   15
 19   16
 20   17
 21   17
 22   18
 23   19
 24   21
 25   22
 26   23
 27   24
 28   25
 29   25
 30   25
 31   26
 32   27
 33   28
 34   28
 35   29
 36   30
 37   33
 38   35
 39   36
 40   36
 41   38
 42   38
 43   39
 44   39
 45   43
 46   43
 47   44
 48   45
 49   45
 50   46
 51   46
 52   48
 53   49
 54   49
 55   50
 56   50
 57   52
 58   52
 59   54
 60   54
 61   54
 62   55
 63   55
 64   56
 65   58
 66   60
 67   61
 68   61
 69   62
 70   66
 71   68
 72   68
 73   69
 74   69
 75   69
 76   72
 77   74
 78   74
 79   75
 80   75
 81   75
 82   76
 83   77
 84   77
 85   77
 86   81
 87   81
 88   81
 89   83
 90   83
 91   83
 92   85
 93   93
 94   94
 95   94
 96   95
 97   97
 98   97
 99   98
100   99
;

# 570 lati
set E := 
 (1,59) (1,10) (1,52) (1,33) (1,66) (1,51)
 (2,37) (2,20) (2,67) (2,41)
 (3,82) (3,48) (3,43) (3,34) (3,61) (3,72)
 (4,57) (4,60) (4,13) (4,22) (4,47)
 (5,54) (5,63) (5,16) (5,87) (5,98) (5,55) (5,72)
 (6,29) (6,24) (6,21) (6,100) (6,20)
 (7,26) (7,8) (7,36) (7,31) (7,84) (7,62) (7,93)
 (8,93) (8,84) (8,76) (8,29)
 (9,92) (9,75) (9,22) (9,13) (9,69) (9,54) (9,87)
 (10,25) (10,52) (10,30) (10,49) (10,42) (10,59)
 (11,76) (11,62) (11,38) (11,23) (11,97) (11,93)
 (12,80) (12,18) (12,86) (12,60) (12,95)
 (13,60) (13,95) (13,75) (13,22)
 (14,64) (14,58) (14,53) (14,91) (14,45) (14,73) (14,85)
 (15,47) (15,39) (15,78) (15,38) (15,36) (15,35)
 (16,32) (16,72) (16,17) (16,55)
 (17,44) (17,81) (17,72) (17,32) (17,46) (17,100)
 (18,65) (18,86) (18,45) (18,60) (18,57) (18,70)
 (19,88) (19,79) (19,74) (19,89) (19,72) (19,98) (19,61)
 (20,76) (20,21) (20,41) (20,29) (20,23) (20,67)
 (21,71) (21,24) (21,43) (21,66) (21,46) (21,67)
 (22,35) (22,47) (22,69)
 (23,50) (23,41) (23,90) (23,76) (23,27) (23,97)
 (24,46) (24,100)
 (25,42) (25,30) (25,96)
 (26,36) (26,62) (26,39)
 (27,90) (27,41) (27,77) (27,33)
 (28,56) (28,83) (28,58) (28,64) (28,45)
 (29,100) (29,76) (29,84) (29,81)
 (30,34) (30,96) (30,49) (30,73) (30,40) (30,91)
 (31,68) (31,81) (31,44) (31,36) (31,84) (31,35)
 (32,99) (32,55) (32,44)
 (33,41) (33,67) (33,52) (33,66) (33,37)
 (34,82) (34,40) (34,74) (34,96) (34,61) (34,48)
 (35,68) (35,47) (35,36) (35,69)
 (36,39)
 (37,41) (37,67)
 (38,39) (38,62) (38,97)
 (39,62)
 (40,91) (40,74)

 (42,96) (42,59) (42,94)
 (43,48) (43,94) (43,46) (43,72) (43,71)
 (44,68) (44,81) (44,99) (44,69)
 (45,58) (45,56) (45,57) (45,65)
 (46,100) (46,72)
 (47,78) (47,57)
 (48,96) (48,94)
 (49,73) (49,52)
 (50,90) (50,77) (50,97)
 (51,66) (51,59) (51,71)
 (52,73)
 (53,89) (53,74) (53,91) (53,85)
 (54,63) (54,87) (54,69)
 (55,99) (55,63)
 (56,88) (56,70) (56,83) (56,89) (56,79) (56,85) (56,65)
 (57,78) (57,60)
 (58,64)
 (59,71) (59,94)
 (60,95)
 (61,82) (61,74) (61,72)
 (62,93)
 (63,69) (63,99)
 (64,83) (64,85)
 (65,70)
 (66,71) (66,67)

 (68,69)
 (69,99)
 (70,79) (70,86)
 (71,94)
 (72,98)
 (73,91)
 (74,91) (74,89)
 (75,95) (75,92)
 (76,93)
 (77,97) (77,90)

 (79,86) (79,88) (79,98)
 (80,86) (80,92) (80,95) (80,98) (80,87)
 (81,84) (81,100)

 (83,85)

 (85,89)
 (86,98)
 (87,98) (87,92)
 (88,89)



 (92,95)

 (94,96)






;

set D0 := 
 (1,2) (1,3) (1,4) (1,5) (1,6) (1,7) (1,8) (1,9) (1,11) (1,12) (1,13) (1,14) (1,15) (1,16) (1,17) (1,18) (1,19) (1,20) (1,21) (1,22) (1,23) (1,24) (1,26) (1,27) (1,28) (1,29) (1,31) (1,32) (1,45) (1,53) (1,56) (2,3) (2,4) (2,5) (2,6) (2,7) (2,8) (2,9) (2,10) (2,11) (2,12) (2,13) (2,14) (2,15) (2,16) (2,17) (2,18) (2,19) (2,22) (2,25) (2,26) (2,28) (2,30) (2,32) (2,34) (2,40) (2,42) (2,45) (2,51) (2,53) (2,56) (3,4) (3,5) (3,6) (3,7) (3,8) (3,9) (3,10) (3,11) (3,12) (3,13) (3,14) (3,15) (3,16) (3,17) (3,18) (3,19) (3,20) (3,21) (3,22) (3,23) (3,24) (3,25) (3,26) (3,27) (3,28) (3,29) (3,30) (3,31) (3,32) (3,33) (3,35) (3,36) (3,37) (3,38) (3,39) (3,41) (3,45) (3,51) (3,53) (3,56) (4,5) (4,6) (4,7) (4,8) (4,9) (4,10) (4,11) (4,12) (4,14) (4,15) (4,16) (4,17) (4,18) (4,19) (4,20) (4,21) (4,23) (4,24) (4,25) (4,26) (4,27) (4,28) (4,29) (4,30) (4,31) (4,32) (4,33) (4,34) (4,40) (4,42) (4,45) (4,51) (4,53) (4,56) (5,6) (5,7) (5,8) (5,9) (5,10) (5,11) (5,12) (5,13) (5,14) (5,15) (5,18) (5,19) (5,20) (5,21) (5,22) (5,23) (5,24) (5,25) (5,26) (5,27) (5,28) (5,29) (5,30) (5,31) (5,33) (5,34) (5,35) (5,36) (5,37) (5,38) (5,39) (5,40) (5,41) (5,42) (5,43) (5,45) (5,51) (5,53) (5,56) (6,7) (6,8) (6,9) (6,10) (6,11) (6,12) (6,13) (6,14) (6,15) (6,16) (6,17) (6,18) (6,19) (6,22) (6,25) (6,26) (6,28) (6,30) (6,32) (6,34) (6,40) (6,42) (6,45) (6,51) (6,53) (6,56) (7,9) (7,10) (7,11) (7,12) (7,13) (7,14) (7,15) (7,16) (7,17) (7,18) (7,19) (7,20) (7,21) (7,22) (7,23) (7,24) (7,25) (7,27) (7,28) (7,30) (7,32) (7,34) (7,40) (7,42) (7,45) (7,51) (7,53) (7,56) (8,9) (8,10) (8,11) (8,12) (8,13) (8,14) (8,15) (8,16) (8,17) (8,18) (8,19) (8,20) (8,21) (8,22) (8,23) (8,24) (8,25) (8,26) (8,27) (8,28) (8,30) (8,31) (8,32) (8,34) (8,35) (8,36) (8,40) (8,42) (8,45) (8,51) (8,53) (8,56) (9,10) (9,11) (9,12) (9,14) (9,15) (9,16) (9,17) (9,18) (9,19) (9,20) (9,21) (9,23) (9,24) (9,25) (9,26) (9,27) (9,28) (9,29) (9,30) (9,31) (9,32) (9,33) (9,34) (9,37) (9,40) (9,42) (9,45) (9,51) (9,53) (9,56) (10,11) (10,12) (10,13) (10,14) (10,15) (10,16) (10,17) (10,18) (10,19) (10,20) (10,21) (10,22) (10,23) (10,24) (10,26) (10,27) (10,28) (10,29) (10,31) (10,32) (10,33) (10,35) (10,36) (10,37) (10,38) (10,39) (10,41) (10,43) (10,44) (10,45) (10,46) (10,47) (10,51) (10,53) (10,54) (10,56) (11,12) (11,13) (11,14) (11,15) (11,16) (11,17) (11,18) (11,19) (11,20) (11,21) (11,22) (11,25) (11,26) (11,28) (11,30) (11,31) (11,32) (11,34) (11,35) (11,36) (11,40) (11,42) (11,45) (11,51) (11,53) (11,54) (11,56) (12,13) (12,14) (12,15) (12,16) (12,17) (12,19) (12,20) (12,21) (12,22) (12,23) (12,24) (12,25) (12,26) (12,27) (12,28) (12,29) (12,30) (12,31) (12,32) (12,33) (12,34) (12,35) (12,36) (12,37) (12,38) (12,39) (12,40) (12,41) (12,42) (12,43) (12,44) (12,46) (12,47) (12,48) (12,49) (12,50) (12,51) (12,52) (12,54) (12,55) (13,14) (13,15) (13,16) (13,17) (13,18) (13,19) (13,20) (13,21) (13,23) (13,24) (13,25) (13,26) (13,27) (13,28) (13,29) (13,30) (13,31) (13,32) (13,33) (13,34) (13,37) (13,40) (13,41) (13,42) (13,43) (13,45) (13,51) (13,53) (13,54) (13,56) (13,80) (14,15) (14,16) (14,17) (14,18) (14,19) (14,20) (14,21) (14,22) (14,23) (14,24) (14,25) (14,26) (14,27) (14,28) (14,29) (14,30) (14,31) (14,32) (14,33) (14,34) (14,35) (14,36) (14,37) (14,38) (14,39) (14,40) (14,41) (14,42) (14,43) (14,44) (14,46) (14,47) (14,48) (14,49) (14,50) (14,51) (14,52) (14,54) (14,55) (14,75) (14,80) (15,16) (15,17) (15,18) (15,19) (15,20) (15,21) (15,22) (15,23) (15,24) (15,25) (15,26) (15,27) (15,28) (15,29) (15,30) (15,31) (15,32) (15,33) (15,34) (15,37) (15,40) (15,41) (15,42) (15,43) (15,45) (15,51) (15,53) (15,54) (15,56) (15,75) (15,80) (16,18) (16,19) (16,20) (16,21) (16,22) (16,23) (16,24) (16,25) (16,26) (16,27) (16,28) (16,29) (16,30) (16,31) (16,33) (16,34) (16,35) (16,36) (16,37) (16,38) (16,39) (16,40) (16,41) (16,42) (16,43) (16,45) (16,51) (16,53) (16,54) (16,56) (16,75) (16,80) (17,18) (17,19) (17,20) (17,21) (17,22) (17,23) (17,24) (17,25) (17,26) (17,27) (17,28) (17,29) (17,30) (17,31) (17,33) (17,34) (17,35) (17,36) (17,37) (17,38) (17,39) (17,40) (17,41) (17,42) (17,43) (17,45) (17,51) (17,53) (17,54) (17,56) (17,75) (17,80) (18,19) (18,20) (18,21) (18,22) (18,23) (18,24) (18,25) (18,26) (18,27) (18,28) (18,29) (18,30) (18,31) (18,32) (18,33) (18,34) (18,35) (18,36) (18,37) (18,38) (18,39) (18,40) (18,41) (18,42) (18,43) (18,44) (18,46) (18,47) (18,48) (18,49) (18,50) (18,51) (18,52) (18,53) (18,54) (18,55) (18,59) (18,61) (18,66) (18,67) (18,71) (18,72) (18,73) (18,74) (18,75) (18,76) (18,77) (18,80) (19,20) (19,21) (19,22) (19,23) (19,24) (19,25) (19,26) (19,27) (19,28) (19,29) (19,30) (19,31) (19,32) (19,33) (19,34) (19,35) (19,36) (19,37) (19,38) (19,39) (19,40) (19,41) (19,42) (19,43) (19,44) (19,45) (19,46) (19,47) (19,48) (19,49) (19,50) (19,51) (19,52) (19,53) (19,54) (19,55) (19,56) (19,57) (19,58) (19,59) (19,60) (19,62) (19,63) (19,64) (19,65) (19,68) (19,69) (19,70) (19,75) (19,78) (19,80) (20,22) (20,25) (20,26) (20,28) (20,30) (20,31) (20,32) (20,34) (20,35) (20,36) (20,38) (20,39) (20,40) (20,42) (20,44) (20,45) (20,47) (20,51) (20,53) (20,54) (20,55) (20,56) (20,57) (20,58) (20,60) (20,62) (20,63) (20,64) (20,65) (20,68) (20,69) (20,70) (20,75) (20,78) (20,79) (20,80) (21,22) (21,23) (21,25) (21,26) (21,27) (21,28) (21,29) (21,30) (21,31) (21,32) (21,33) (21,34) (21,35) (21,36) (21,37) (21,38) (21,39) (21,40) (21,41) (21,42) (21,44) (21,45) (21,47) (21,50) (21,51) (21,53) (21,54) (21,55) (21,56) (21,57) (21,58) (21,60) (21,62) (21,63) (21,64) (21,65) (21,68) (21,69) (21,70) (21,75) (21,78) (21,79) (21,80) (22,23) (22,24) (22,25) (22,26) (22,27) (22,28) (22,29) (22,30) (22,31) (22,32) (22,33) (22,34) (22,37) (22,38) (22,40) (22,41) (22,42) (22,43) (22,45) (22,46) (22,48) (22,49) (22,50) (22,51) (22,52) (22,53) (22,54) (22,56) (22,59) (22,61) (22,66) (22,67) (22,71) (22,72) (22,73) (22,74) (22,75) (22,76) (22,77) (22,80) (23,24) (23,25) (23,26) (23,28) (23,29) (23,30) (23,31) (23,32) (23,34) (23,35) (23,36) (23,38) (23,39) (23,40) (23,42) (23,43) (23,44) (23,45) (23,46) (23,47) (23,48) (23,49) (23,51) (23,53) (23,54) (23,55) (23,56) (23,57) (23,58) (23,60) (23,62) (23,63) (23,64) (23,65) (23,68) (23,69) (23,70) (23,75) (23,78) (23,79) (23,80) (24,25) (24,26) (24,27) (24,28) (24,29) (24,30) (24,31) (24,32) (24,33) (24,34) (24,35) (24,36) (24,37) (24,38) (24,39) (24,40) (24,41) (24,42) (24,43) (24,44) (24,45) (24,47) (24,50) (24,51) (24,53) (24,54) (24,55) (24,56) (24,57) (24,58) (24,60) (24,62) (24,63) (24,64) (24,65) (24,68) (24,69) (24,70) (24,75) (24,76) (24,78) (24,79) (24,80) (24,81) (24,83) (24,84) (25,26) (25,27) (25,28) (25,29) (25,31) (25,32) (25,33) (25,35) (25,36) (25,37) (25,38) (25,39) (25,41) (25,43) (25,44) (25,45) (25,46) (25,47) (25,50) (25,51) (25,53) (25,54) (25,55) (25,56) (25,57) (25,58) (25,60) (25,62) (25,63) (25,64) (25,65) (25,68) (25,69) (25,70) (25,75) (25,76) (25,78) (25,79) (25,80) (25,81) (25,83) (25,84) (26,27) (26,28) (26,29) (26,30) (26,31) (26,32) (26,33) (26,34) (26,35) (26,37) (26,38) (26,40) (26,41) (26,42) (26,43) (26,45) (26,46) (26,48) (26,49) (26,50) (26,51) (26,52) (26,53) (26,54) (26,56) (26,59) (26,61) (26,66) (26,67) (26,71) (26,72) (26,73) (26,74) (26,75) (26,76) (26,77) (26,80) (26,82) (27,28) (27,29) (27,30) (27,31) (27,32) (27,34) (27,35) (27,36) (27,38) (27,39) (27,40) (27,42) (27,43) (27,44) (27,45) (27,46) (27,47) (27,48) (27,49) (27,50) (27,51) (27,53) (27,54) (27,55) (27,56) (27,57) (27,58) (27,59) (27,60) (27,62) (27,63) (27,64) (27,65) (27,68) (27,69) (27,70) (27,75) (27,76) (27,78) (27,79) (27,80) (27,81) (27,83) (27,84) (28,29) (28,30) (28,31) (28,32) (28,33) (28,34) (28,35) (28,36) (28,37) (28,38) (28,39) (28,40) (28,41) (28,42) (28,43) (28,44) (28,46) (28,47) (28,48) (28,49) (28,50) (28,51) (28,52) (28,53) (28,54) (28,55) (28,59) (28,61) (28,66) (28,67) (28,71) (28,72) (28,73) (28,74) (28,75) (28,76) (28,77) (28,80) (28,82) (28,90) (29,30) (29,31) (29,32) (29,33) (29,34) (29,35) (29,36) (29,37) (29,38) (29,39) (29,40) (29,41) (29,42) (29,43) (29,44) (29,45) (29,46) (29,47) (29,48) (29,49) (29,50) (29,51) (29,52) (29,53) (29,54) (29,55) (29,56) (29,57) (29,58) (29,59) (29,60) (29,61) (29,62) (29,63) (29,64) (29,65) (29,66) (29,67) (29,68) (29,69) (29,70) (29,71) (29,72) (29,73) (29,74) (29,75) (29,77) (29,78) (29,79) (29,80) (29,82) (29,90) (30,31) (30,32) (30,33) (30,35) (30,36) (30,37) (30,38) (30,39) (30,41) (30,42) (30,43) (30,44) (30,45) (30,46) (30,47) (30,50) (30,51) (30,53) (30,54) (30,55) (30,56) (30,57) (30,58) (30,59) (30,60) (30,62) (30,63) (30,64) (30,65) (30,68) (30,69) (30,70) (30,75) (30,76) (30,77) (30,78) (30,79) (30,80) (30,81) (30,83) (30,84) (30,90) (31,32) (31,33) (31,34) (31,37) (31,38) (31,40) (31,41) (31,42) (31,43) (31,45) (31,46) (31,48) (31,49) (31,50) (31,51) (31,52) (31,53) (31,54) (31,56) (31,59) (31,61) (31,66) (31,67) (31,71) (31,72) (31,73) (31,74) (31,75) (31,76) (31,77) (31,80) (31,82) (31,90) (32,33) (32,34) (32,35) (32,36) (32,37) (32,38) (32,39) (32,40) (32,41) (32,42) (32,43) (32,45) (32,46) (32,47) (32,48) (32,49) (32,50) (32,51) (32,52) (32,53) (32,54) (32,56) (32,57) (32,58) (32,59) (32,60) (32,61) (32,62) (32,64) (32,65) (32,66) (32,67) (32,71) (32,72) (32,73) (32,74) (32,75) (32,76) (32,77) (32,80) (32,82) (32,90) (33,34) (33,35) (33,36) (33,38) (33,39) (33,40) (33,42) (33,43) (33,44) (33,45) (33,46) (33,47) (33,48) (33,49) (33,50) (33,51) (33,53) (33,54) (33,55) (33,56) (33,57) (33,58) (33,59) (33,60) (33,61) (33,62) (33,63) (33,64) (33,65) (33,68) (33,69) (33,70) (33,75) (33,76) (33,77) (33,78) (33,79) (33,80) (33,81) (33,83) (33,84) (33,90) (34,35) (34,36) (34,37) (34,38) (34,39) (34,41) (34,42) (34,43) (34,44) (34,45) (34,46) (34,47) (34,49) (34,50) (34,51) (34,52) (34,53) (34,54) (34,55) (34,56) (34,57) (34,58) (34,59) (34,60) (34,62) (34,63) (34,64) (34,65) (34,66) (34,67) (34,68) (34,69) (34,70) (34,73) (34,75) (34,76) (34,77) (34,78) (34,79) (34,80) (34,81) (34,83) (34,84) (34,90) (35,37) (35,38) (35,40) (35,41) (35,42) (35,43) (35,44) (35,45) (35,46) (35,48) (35,49) (35,50) (35,51) (35,52) (35,53) (35,54) (35,55) (35,56) (35,59) (35,61) (35,63) (35,66) (35,67) (35,71) (35,72) (35,73) (35,74) (35,75) (35,76) (35,77) (35,80) (35,82) (35,90) (36,37) (36,38) (36,40) (36,41) (36,42) (36,43) (36,44) (36,45) (36,46) (36,47) (36,48) (36,49) (36,50) (36,51) (36,52) (36,53) (36,54) (36,55) (36,56) (36,57) (36,58) (36,59) (36,60) (36,61) (36,63) (36,64) (36,65) (36,66) (36,67) (36,68) (36,69) (36,70) (36,71) (36,72) (36,73) (36,74) (36,75) (36,76) (36,77) (36,78) (36,79) (36,80) (36,81) (36,82) (36,83) (36,84) (36,85) (36,86) (36,87) (36,88) (36,89) (36,90) (36,91) (36,92) (36,94) (36,95) (36,96) (36,98) (36,99) (36,100) (37,38) (37,39) (37,40) (37,42) (37,43) (37,44) (37,45) (37,46) (37,47) (37,48) (37,49) (37,50) (37,51) (37,52) (37,53) (37,54) (37,55) (37,56) (37,57) (37,58) (37,59) (37,60) (37,61) (37,62) (37,63) (37,64) (37,65) (37,66) (37,68) (37,69) (37,70) (37,73) (37,75) (37,76) (37,77) (37,78) (37,79) (37,80) (37,81) (37,83) (37,84) (37,90) (37,93) (37,97) (38,40) (38,41) (38,42) (38,43) (38,44) (38,45) (38,46) (38,47) (38,48) (38,49) (38,50) (38,51) (38,52) (38,53) (38,54) (38,55) (38,56) (38,57) (38,58) (38,59) (38,60) (38,61) (38,63) (38,64) (38,65) (38,66) (38,67) (38,68) (38,69) (38,70) (38,71) (38,72) (38,73) (38,74) (38,75) (38,76) (38,77) (38,78) (38,79) (38,80) (38,81) (38,82) (38,83) (38,84) (38,85) (38,86) (38,87) (38,88) (38,89) (38,90) (38,91) (38,92) (38,94) (38,95) (38,96) (38,98) (38,99) (38,100) (39,40) (39,41) (39,42) (39,43) (39,44) (39,45) (39,46) (39,47) (39,48) (39,49) (39,50) (39,51) (39,52) (39,53) (39,54) (39,55) (39,56) (39,57) (39,58) (39,59) (39,60) (39,61) (39,63) (39,64) (39,65) (39,66) (39,67) (39,68) (39,69) (39,70) (39,71) (39,72) (39,73) (39,74) (39,75) (39,76) (39,77) (39,78) (39,79) (39,80) (39,81) (39,82) (39,83) (39,84) (39,85) (39,86) (39,87) (39,88) (39,89) (39,90) (39,91) (39,92) (39,94) (39,95) (39,96) (39,97) (39,98) (39,99) (39,100) (40,41) (40,42) (40,43) (40,44) (40,45) (40,46) (40,47) (40,48) (40,49) (40,50) (40,51) (40,52) (40,53) (40,54) (40,55) (40,56) (40,57) (40,58) (40,59) (40,60) (40,61) (40,62) (40,63) (40,64) (40,65) (40,66) (40,67) (40,68) (40,69) (40,70) (40,71) (40,72) (40,73) (40,75) (40,76) (40,77) (40,78) (40,79) (40,80) (40,81) (40,83) (40,84) (40,90) (40,93) (40,97) (41,42) (41,43) (41,44) (41,45) (41,46) (41,47) (41,48) (41,49) (41,50) (41,51) (41,52) (41,53) (41,54) (41,55) (41,56) (41,57) (41,58) (41,59) (41,60) (41,61) (41,62) (41,63) (41,64) (41,65) (41,66) (41,67) (41,68) (41,69) (41,70) (41,71) (41,72) (41,73) (41,74) (41,75) (41,76) (41,77) (41,78) (41,79) (41,80) (41,81) (41,82) (41,83) (41,84) (41,85) (41,86) (41,87) (41,88) (41,89) (41,90) (41,91) (41,92) (41,93) (41,94) (41,95) (41,96) (41,97) (41,98) (41,99) (41,100) (42,43) (42,44) (42,45) (42,46) (42,47) (42,48) (42,49) (42,50) (42,51) (42,52) (42,53) (42,54) (42,55) (42,56) (42,57) (42,58) (42,60) (42,61) (42,62) (42,63) (42,64) (42,65) (42,68) (42,69) (42,70) (42,73) (42,75) (42,76) (42,77) (42,78) (42,79) (42,80) (42,81) (42,83) (42,84) (42,90) (42,93) (42,97) (43,44) (43,45) (43,47) (43,49) (43,50) (43,51) (43,52) (43,53) (43,54) (43,55) (43,56) (43,57) (43,58) (43,59) (43,60) (43,61) (43,62) (43,63) (43,64) (43,65) (43,66) (43,67) (43,68) (43,69) (43,70) (43,73) (43,75) (43,76) (43,77) (43,78) (43,79) (43,80) (43,81) (43,83) (43,84) (43,90) (43,93) (43,97) (44,45) (44,46) (44,47) (44,48) (44,49) (44,50) (44,51) (44,52) (44,53) (44,54) (44,55) (44,56) (44,57) (44,58) (44,59) (44,60) (44,61) (44,62) (44,63) (44,64) (44,65) (44,66) (44,67) (44,70) (44,71) (44,72) (44,73) (44,74) (44,75) (44,76) (44,77) (44,78) (44,79) (44,80) (44,82) (44,83) (44,85) (44,86) (44,90) (44,93) (44,94) (44,96) (44,97) (45,46) (45,47) (45,48) (45,49) (45,50) (45,51) (45,52) (45,53) (45,54) (45,55) (45,59) (45,61) (45,62) (45,63) (45,66) (45,67) (45,68) (45,69) (45,71) (45,72) (45,73) (45,74) (45,75) (45,76) (45,77) (45,80) (45,81) (45,82) (45,84) (45,90) (45,93) (45,94) (45,96) (45,97) (46,47) (46,48) (46,49) (46,50) (46,51) (46,52) (46,53) (46,54) (46,55) (46,56) (46,57) (46,58) (46,59) (46,60) (46,61) (46,62) (46,63) (46,64) (46,65) (46,66) (46,67) (46,68) (46,69) (46,70) (46,71) (46,73) (46,75) (46,76) (46,77) (46,78) (46,79) (46,80) (46,81) (46,83) (46,84) (46,90) (46,93) (46,94) (46,96) (46,97) (47,48) (47,49) (47,50) (47,51) (47,52) (47,53) (47,54) (47,55) (47,56) (47,58) (47,59) (47,61) (47,62) (47,63) (47,64) (47,65) (47,66) (47,67) (47,68) (47,69) (47,70) (47,71) (47,72) (47,73) (47,74) (47,75) (47,76) (47,77) (47,79) (47,80) (47,81) (47,82) (47,83) (47,84) (47,85) (47,86) (47,87) (47,88) (47,89) (47,90) (47,91) (47,92) (47,93) (47,94) (47,96) (47,97) (47,100) (48,49) (48,50) (48,51) (48,52) (48,53) (48,54) (48,55) (48,56) (48,57) (48,58) (48,59) (48,60) (48,61) (48,62) (48,63) (48,64) (48,65) (48,66) (48,67) (48,68) (48,69) (48,70) (48,71) (48,72) (48,73) (48,74) (48,75) (48,76) (48,77) (48,78) (48,79) (48,80) (48,81) (48,82) (48,83) (48,84) (48,85) (48,86) (48,87) (48,88) (48,89) (48,90) (48,91) (48,92) (48,93) (48,95) (48,97) (48,98) (48,99) (48,100) (49,50) (49,51) (49,53) (49,54) (49,55) (49,56) (49,57) (49,58) (49,59) (49,60) (49,61) (49,62) (49,63) (49,64) (49,65) (49,66) (49,67) (49,68) (49,69) (49,70) (49,71) (49,72) (49,74) (49,75) (49,76) (49,77) (49,78) (49,79) (49,80) (49,81) (49,82) (49,83) (49,84) (49,85) (49,86) (49,87) (49,88) (49,89) (49,90) (49,93) (49,94) (49,96) (49,97) (49,100) (50,51) (50,52) (50,53) (50,54) (50,55) (50,56) (50,57) (50,58) (50,59) (50,60) (50,61) (50,62) (50,63) (50,64) (50,65) (50,66) (50,67) (50,68) (50,69) (50,70) (50,71) (50,72) (50,73) (50,74) (50,75) (50,76) (50,78) (50,79) (50,80) (50,81) (50,82) (50,83) (50,84) (50,85) (50,86) (50,87) (50,88) (50,89) (50,91) (50,92) (50,93) (50,94) (50,95) (50,96) (50,98) (50,99) (50,100) (51,52) (51,53) (51,54) (51,55) (51,56) (51,57) (51,58) (51,60) (51,61) (51,62) (51,63) (51,64) (51,65) (51,68) (51,69) (51,70) (51,72) (51,73) (51,74) (51,75) (51,76) (51,77) (51,78) (51,79) (51,80) (51,81) (51,82) (51,83) (51,84) (51,85) (51,86) (51,87) (51,88) (51,89) (51,90) (51,91) (51,92) (51,93) (51,95) (51,97) (51,98) (51,99) (51,100) (52,53) (52,54) (52,55) (52,56) (52,57) (52,58) (52,59) (52,60) (52,61) (52,62) (52,63) (52,64) (52,65) (52,66) (52,67) (52,68) (52,69) (52,70) (52,71) (52,72) (52,74) (52,75) (52,76) (52,77) (52,78) (52,79) (52,80) (52,81) (52,82) (52,83) (52,84) (52,85) (52,86) (52,87) (52,88) (52,89) (52,90) (52,93) (52,94) (52,96) (52,97) (52,100) (53,54) (53,55) (53,56) (53,57) (53,58) (53,59) (53,60) (53,61) (53,62) (53,63) (53,64) (53,65) (53,66) (53,67) (53,68) (53,69) (53,70) (53,71) (53,72) (53,73) (53,75) (53,76) (53,77) (53,78) (53,79) (53,80) (53,81) (53,83) (53,84) (53,90) (53,93) (53,94) (53,96) (53,97) (53,100) (54,55) (54,56) (54,57) (54,58) (54,59) (54,60) (54,61) (54,62) (54,64) (54,65) (54,66) (54,67) (54,68) (54,70) (54,71) (54,72) (54,73) (54,74) (54,75) (54,76) (54,77) (54,78) (54,79) (54,80) (54,81) (54,82) (54,83) (54,84) (54,85) (54,86) (54,90) (54,93) (54,94) (54,96) (54,97) (54,100) (55,56) (55,57) (55,58) (55,59) (55,60) (55,61) (55,62) (55,64) (55,65) (55,66) (55,67) (55,68) (55,70) (55,71) (55,72) (55,73) (55,74) (55,75) (55,76) (55,77) (55,78) (55,79) (55,80) (55,81) (55,82) (55,83) (55,84) (55,85) (55,86) (55,87) (55,88) (55,89) (55,90) (55,91) (55,92) (55,93) (55,94) (55,95) (55,96) (55,97) (55,98) (55,100) (56,57) (56,58) (56,59) (56,60) (56,61) (56,62) (56,63) (56,64) (56,66) (56,67) (56,68) (56,69) (56,71) (56,72) (56,73) (56,74) (56,75) (56,76) (56,77) (56,78) (56,80) (56,81) (56,82) (56,84) (56,90) (56,93) (56,94) (56,96) (56,97) (56,99) (56,100) (57,58) (57,59) (57,61) (57,62) (57,63) (57,64) (57,65) (57,66) (57,67) (57,68) (57,69) (57,70) (57,71) (57,72) (57,73) (57,74) (57,75) (57,76) (57,77) (57,79) (57,80) (57,81) (57,82) (57,83) (57,84) (57,85) (57,86) (57,87) (57,88) (57,89) (57,90) (57,91) (57,92) (57,93) (57,94) (57,96) (57,97) (57,99) (57,100) (58,59) (58,60) (58,61) (58,62) (58,63) (58,65) (58,66) (58,67) (58,68) (58,69) (58,70) (58,71) (58,72) (58,73) (58,74) (58,75) (58,76) (58,77) (58,78) (58,79) (58,80) (58,81) (58,82) (58,84) (58,86) (58,87) (58,88) (58,90) (58,93) (58,94) (58,96) (58,97) (58,99) (58,100) (59,60) (59,61) (59,62) (59,63) (59,64) (59,65) (59,66) (59,67) (59,68) (59,69) (59,70) (59,72) (59,73) (59,74) (59,75) (59,76) (59,77) (59,78) (59,79) (59,80) (59,81) (59,82) (59,83) (59,84) (59,85) (59,86) (59,87) (59,88) (59,89) (59,90) (59,91) (59,92) (59,93) (59,95) (59,97) (59,98) (59,99) (59,100) (60,61) (60,62) (60,63) (60,64) (60,65) (60,66) (60,67) (60,68) (60,69) (60,70) (60,71) (60,72) (60,73) (60,74) (60,75) (60,76) (60,77) (60,78) (60,79) (60,80) (60,81) (60,82) (60,83) (60,84) (60,85) (60,86) (60,87) (60,88) (60,89) (60,90) (60,91) (60,92) (60,93) (60,94) (60,96) (60,97) (60,99) (60,100) (61,62) (61,63) (61,64) (61,65) (61,66) (61,67) (61,68) (61,69) (61,70) (61,71) (61,73) (61,75) (61,76) (61,77) (61,78) (61,79) (61,80) (61,81) (61,83) (61,84) (61,85) (61,86) (61,87) (61,88) (61,90) (61,93) (61,94) (61,96) (61,97) (61,99) (61,100) (62,63) (62,64) (62,65) (62,66) (62,67) (62,68) (62,69) (62,70) (62,71) (62,72) (62,73) (62,74) (62,75) (62,76) (62,77) (62,78) (62,79) (62,80) (62,81) (62,82) (62,83) (62,84) (62,85) (62,86) (62,87) (62,88) (62,89) (62,90) (62,91) (62,92) (62,94) (62,95) (62,96) (62,97) (62,98) (62,99) (62,100) (63,64) (63,65) (63,66) (63,67) (63,68) (63,70) (63,71) (63,72) (63,73) (63,74) (63,75) (63,76) (63,77) (63,78) (63,79) (63,80) (63,81) (63,82) (63,83) (63,84) (63,85) (63,86) (63,87) (63,88) (63,89) (63,90) (63,91) (63,92) (63,93) (63,94) (63,95) (63,96) (63,97) (63,98) (63,100) (64,65) (64,66) (64,67) (64,68) (64,69) (64,70) (64,71) (64,72) (64,73) (64,74) (64,75) (64,76) (64,77) (64,78) (64,79) (64,80) (64,81) (64,82) (64,84) (64,86) (64,87) (64,88) (64,90) (64,93) (64,94) (64,96) (64,97) (64,99) (64,100) (65,66) (65,67) (65,68) (65,69) (65,71) (65,72) (65,73) (65,74) (65,75) (65,76) (65,77) (65,78) (65,80) (65,81) (65,82) (65,83) (65,84) (65,85) (65,90) (65,93) (65,94) (65,96) (65,97) (65,99) (65,100) (66,68) (66,69) (66,70) (66,72) (66,73) (66,74) (66,75) (66,76) (66,77) (66,78) (66,79) (66,80) (66,81) (66,82) (66,83) (66,84) (66,85) (66,86) (66,87) (66,88) (66,89) (66,90) (66,91) (66,92) (66,93) (66,95) (66,97) (66,98) (66,99) (66,100) (67,68) (67,69) (67,70) (67,71) (67,72) (67,73) (67,74) (67,75) (67,76) (67,77) (67,78) (67,79) (67,80) (67,81) (67,82) (67,83) (67,84) (67,85) (67,86) (67,87) (67,88) (67,89) (67,90) (67,91) (67,92) (67,93) (67,94) (67,95) (67,96) (67,97) (67,98) (67,99) (67,100) (68,70) (68,71) (68,72) (68,73) (68,74) (68,75) (68,76) (68,77) (68,78) (68,79) (68,80) (68,81) (68,82) (68,83) (68,84) (68,85) (68,86) (68,87) (68,88) (68,89) (68,90) (68,91) (68,92) (68,93) (68,94) (68,95) (68,96) (68,97) (68,98) (68,100) (69,70) (69,71) (69,72) (69,73) (69,74) (69,75) (69,76) (69,77) (69,78) (69,79) (69,80) (69,81) (69,82) (69,83) (69,84) (69,85) (69,86) (69,87) (69,88) (69,89) (69,90) (69,91) (69,92) (69,93) (69,94) (69,95) (69,96) (69,97) (69,98) (69,100) (70,71) (70,72) (70,73) (70,74) (70,75) (70,76) (70,77) (70,78) (70,80) (70,81) (70,82) (70,83) (70,84) (70,85) (70,90) (70,93) (70,94) (70,96) (70,97) (70,99) (70,100) (71,72) (71,73) (71,74) (71,75) (71,76) (71,77) (71,78) (71,79) (71,80) (71,81) (71,82) (71,83) (71,84) (71,85) (71,86) (71,87) (71,88) (71,89) (71,90) (71,91) (71,92) (71,93) (71,95) (71,97) (71,98) (71,99) (71,100) (72,73) (72,74) (72,75) (72,76) (72,77) (72,78) (72,79) (72,80) (72,81) (72,82) (72,83) (72,84) (72,85) (72,86) (72,87) (72,88) (72,89) (72,90) (72,91) (72,92) (72,93) (72,94) (72,95) (72,96) (72,97) (72,99) (72,100) (73,74) (73,75) (73,76) (73,77) (73,78) (73,79) (73,80) (73,81) (73,82) (73,83) (73,84) (73,85) (73,86) (73,87) (73,88) (73,89) (73,90) (73,93) (73,94) (73,96) (73,97) (73,99) (73,100) (74,75) (74,76) (74,77) (74,78) (74,79) (74,80) (74,81) (74,82) (74,83) (74,84) (74,85) (74,86) (74,87) (74,88) (74,90) (74,93) (74,94) (74,96) (74,97) (74,99) (74,100) (75,76) (75,77) (75,78) (75,79) (75,80) (75,81) (75,82) (75,83) (75,84) (75,85) (75,86) (75,87) (75,88) (75,89) (75,90) (75,91) (75,93) (75,94) (75,96) (75,97) (75,99) (75,100) (76,77) (76,78) (76,79) (76,80) (76,81) (76,82) (76,83) (76,84) (76,85) (76,86) (76,87) (76,88) (76,89) (76,90) (76,91) (76,92) (76,94) (76,95) (76,96) (76,97) (76,98) (76,99) (76,100) (77,78) (77,79) (77,80) (77,81) (77,82) (77,83) (77,84) (77,85) (77,86) (77,87) (77,88) (77,89) (77,91) (77,92) (77,93) (77,94) (77,95) (77,96) (77,98) (77,99) (77,100) (78,79) (78,80) (78,81) (78,82) (78,83) (78,84) (78,85) (78,86) (78,87) (78,88) (78,89) (78,90) (78,91) (78,92) (78,93) (78,94) (78,95) (78,96) (78,97) (78,98) (78,99) (78,100) (79,80) (79,81) (79,82) (79,83) (79,84) (79,85) (79,90) (79,91) (79,93) (79,94) (79,96) (79,97) (79,99) (79,100) (80,81) (80,82) (80,83) (80,84) (80,85) (80,88) (80,89) (80,90) (80,91) (80,93) (80,94) (80,96) (80,97) (80,99) (80,100) (81,82) (81,83) (81,85) (81,86) (81,87) (81,88) (81,89) (81,90) (81,91) (81,92) (81,93) (81,94) (81,95) (81,96) (81,97) (81,98) (81,99) (82,83) (82,84) (82,85) (82,86) (82,87) (82,88) (82,89) (82,90) (82,91) (82,92) (82,93) (82,94) (82,95) (82,96) (82,97) (82,98) (82,99) (82,100) (83,84) (83,86) (83,87) (83,88) (83,90) (83,91) (83,92) (83,93) (83,94) (83,95) (83,96) (83,97) (83,98) (83,99) (83,100) (84,85) (84,86) (84,87) (84,88) (84,89) (84,90) (84,91) (84,92) (84,93) (84,94) (84,95) (84,96) (84,97) (84,98) (84,99) (84,100) (85,86) (85,87) (85,88) (85,90) (85,91) (85,92) (85,93) (85,94) (85,95) (85,96) (85,97) (85,98) (85,99) (85,100) (86,87) (86,88) (86,89) (86,90) (86,91) (86,92) (86,93) (86,94) (86,95) (86,96) (86,97) (86,99) (86,100) (87,88) (87,89) (87,90) (87,91) (87,93) (87,94) (87,96) (87,97) (87,99) (87,100) (88,90) (88,91) (88,92) (88,93) (88,94) (88,95) (88,96) (88,97) (88,98) (88,99) (88,100) (89,90) (89,91) (89,92) (89,93) (89,94) (89,95) (89,96) (89,97) (89,98) (89,99) (89,100) (90,91) (90,92) (90,93) (90,94) (90,95) (90,96) (90,97) (90,98) (90,99) (90,100) (91,92) (91,93) (91,94) (91,95) (91,96) (91,97) (91,98) (91,99) (91,100) (92,93) (92,94) (92,96) (92,97) (92,98) (92,99) (92,100) (93,94) (93,95) (93,96) (93,97) (93,98) (93,99) (93,100) (94,95) (94,97) (94,98) (94,99) (94,100) (95,96) (95,97) (95,98) (95,99) (95,100) (96,97) (96,98) (96,99) (96,100) (97,98) (97,99) (97,100) (98,99) (98,100) (99,100);

set Y0 := 
 (0,2,1) (0,3,1) (0,3,2) (0,4,1) (0,4,2) (0,4,3) (0,5,1) (0,5,2) (0,5,3) (0,5,4) (0,6,1) (0,6,2) (0,6,3) (0,6,4) (0,6,5) (0,7,1) (0,7,2) (0,7,3) (0,7,4) (0,7,5) (0,7,6) (0,8,1) (0,8,2) (0,8,3) (0,8,4) (0,8,5) (0,8,6) (0,8,7) (0,9,1) (0,9,2) (0,9,3) (0,9,4) (0,9,5) (0,9,6) (0,9,7) (0,9,8) (0,10,1) (0,10,2) (0,10,3) (0,10,4) (0,10,5) (0,10,6) (0,10,7) (0,10,8) (0,10,9) (0,11,1) (0,11,2) (0,11,3) (0,11,4) (0,11,5) (0,11,6) (0,11,7) (0,11,8) (0,11,9) (0,11,10) (0,12,1) (0,12,2) (0,12,3) (0,12,4) (0,12,5) (0,12,6) (0,12,7) (0,12,8) (0,12,9) (0,12,10) (0,12,11) (0,13,1) (0,13,2) (0,13,3) (0,13,4) (0,13,5) (0,13,6) (0,13,7) (0,13,8) (0,13,9) (0,13,10) (0,13,11) (0,13,12) (0,14,1) (0,14,2) (0,14,3) (0,14,4) (0,14,5) (0,14,6) (0,14,7) (0,14,8) (0,14,9) (0,14,10) (0,14,11) (0,14,12) (0,14,13) (0,15,1) (0,15,2) (0,15,3) (0,15,4) (0,15,5) (0,15,6) (0,15,7) (0,15,8) (0,15,9) (0,15,10) (0,15,11) (0,15,12) (0,15,13) (0,15,14) (0,16,1) (0,16,2) (0,16,3) (0,16,4) (0,16,5) (0,16,6) (0,16,7) (0,16,8) (0,16,9) (0,16,10) (0,16,11) (0,16,12) (0,16,13) (0,16,14) (0,16,15) (0,17,1) (0,17,2) (0,17,3) (0,17,4) (0,17,5) (0,17,6) (0,17,7) (0,17,8) (0,17,9) (0,17,10) (0,17,11) (0,17,12) (0,17,13) (0,17,14) (0,17,15) (0,17,16) (0,18,1) (0,18,2) (0,18,3) (0,18,4) (0,18,5) (0,18,6) (0,18,7) (0,18,8) (0,18,9) (0,18,10) (0,18,11) (0,18,12) (0,18,13) (0,18,14) (0,18,15) (0,18,16) (0,18,17) (0,19,1) (0,19,2) (0,19,3) (0,19,4) (0,19,5) (0,19,6) (0,19,7) (0,19,8) (0,19,9) (0,19,10) (0,19,11) (0,19,12) (0,19,13) (0,19,14) (0,19,15) (0,19,16) (0,19,17) (0,19,18) (0,20,1) (0,20,2) (0,20,3) (0,20,4) (0,20,5) (0,20,6) (0,20,7) (0,20,8) (0,20,9) (0,20,10) (0,20,11) (0,20,12) (0,20,13) (0,20,14) (0,20,15) (0,20,16) (0,20,17) (0,20,18) (0,20,19) (0,21,1) (0,21,2) (0,21,3) (0,21,4) (0,21,5) (0,21,6) (0,21,7) (0,21,8) (0,21,9) (0,21,10) (0,21,11) (0,21,12) (0,21,13) (0,21,14) (0,21,15) (0,21,16) (0,21,17) (0,21,18) (0,21,19) (0,21,20) (0,22,1) (0,22,2) (0,22,3) (0,22,4) (0,22,5) (0,22,6) (0,22,7) (0,22,8) (0,22,9) (0,22,10) (0,22,11) (0,22,12) (0,22,13) (0,22,14) (0,22,15) (0,22,16) (0,22,17) (0,22,18) (0,22,19) (0,22,20) (0,22,21) (0,23,1) (0,23,2) (0,23,3) (0,23,4) (0,23,5) (0,23,6) (0,23,7) (0,23,8) (0,23,9) (0,23,10) (0,23,11) (0,23,12) (0,23,13) (0,23,14) (0,23,15) (0,23,16) (0,23,17) (0,23,18) (0,23,19) (0,23,20) (0,23,21) (0,23,22) (0,24,1) (0,24,2) (0,24,3) (0,24,4) (0,24,5) (0,24,6) (0,24,7) (0,24,8) (0,24,9) (0,24,10) (0,24,11) (0,24,12) (0,24,13) (0,24,14) (0,24,15) (0,24,16) (0,24,17) (0,24,18) (0,24,19) (0,24,20) (0,24,21) (0,24,22) (0,24,23) (0,25,1) (0,25,2) (0,25,3) (0,25,4) (0,25,5) (0,25,6) (0,25,7) (0,25,8) (0,25,9) (0,25,10) (0,25,11) (0,25,12) (0,25,13) (0,25,14) (0,25,15) (0,25,16) (0,25,17) (0,25,18) (0,25,19) (0,25,20) (0,25,21) (0,25,22) (0,25,23) (0,25,24) (0,26,1) (0,26,2) (0,26,3) (0,26,4) (0,26,5) (0,26,6) (0,26,7) (0,26,8) (0,26,9) (0,26,10) (0,26,11) (0,26,12) (0,26,13) (0,26,14) (0,26,15) (0,26,16) (0,26,17) (0,26,18) (0,26,19) (0,26,20) (0,26,21) (0,26,22) (0,26,23) (0,26,24) (0,26,25) (0,27,1) (0,27,2) (0,27,3) (0,27,4) (0,27,5) (0,27,6) (0,27,7) (0,27,8) (0,27,9) (0,27,10) (0,27,11) (0,27,12) (0,27,13) (0,27,14) (0,27,15) (0,27,16) (0,27,17) (0,27,18) (0,27,19) (0,27,20) (0,27,21) (0,27,22) (0,27,23) (0,27,24) (0,27,25) (0,27,26) (0,28,1) (0,28,2) (0,28,3) (0,28,4) (0,28,5) (0,28,6) (0,28,7) (0,28,8) (0,28,9) (0,28,10) (0,28,11) (0,28,12) (0,28,13) (0,28,14) (0,28,15) (0,28,16) (0,28,17) (0,28,18) (0,28,19) (0,28,20) (0,28,21) (0,28,22) (0,28,23) (0,28,24) (0,28,25) (0,28,26) (0,28,27) (0,29,1) (0,29,2) (0,29,3) (0,29,4) (0,29,5) (0,29,6) (0,29,7) (0,29,8) (0,29,9) (0,29,10) (0,29,11) (0,29,12) (0,29,13) (0,29,14) (0,29,15) (0,29,16) (0,29,17) (0,29,18) (0,29,19) (0,29,20) (0,29,21) (0,29,22) (0,29,23) (0,29,24) (0,29,25) (0,29,26) (0,29,27) (0,29,28) (0,30,1) (0,30,2) (0,30,3) (0,30,4) (0,30,5) (0,30,6) (0,30,7) (0,30,8) (0,30,9) (0,30,10) (0,30,11) (0,30,12) (0,30,13) (0,30,14) (0,30,15) (0,30,16) (0,30,17) (0,30,18) (0,30,19) (0,30,20) (0,30,21) (0,30,22) (0,30,23) (0,30,24) (0,30,25) (0,30,26) (0,30,27) (0,30,28) (0,30,29) (0,31,1) (0,31,2) (0,31,3) (0,31,4) (0,31,5) (0,31,6) (0,31,7) (0,31,8) (0,31,9) (0,31,10) (0,31,11) (0,31,12) (0,31,13) (0,31,14) (0,31,15) (0,31,16) (0,31,17) (0,31,18) (0,31,19) (0,31,20) (0,31,21) (0,31,22) (0,31,23) (0,31,24) (0,31,25) (0,31,26) (0,31,27) (0,31,28) (0,31,29) (0,31,30) (0,32,1) (0,32,2) (0,32,3) (0,32,4) (0,32,5) (0,32,6) (0,32,7) (0,32,8) (0,32,9) (0,32,10) (0,32,11) (0,32,12) (0,32,13) (0,32,14) (0,32,15) (0,32,16) (0,32,17) (0,32,18) (0,32,19) (0,32,20) (0,32,21) (0,32,22) (0,32,23) (0,32,24) (0,32,25) (0,32,26) (0,32,27) (0,32,28) (0,32,29) (0,32,30) (0,32,31) (0,33,1) (0,33,2) (0,33,3) (0,33,4) (0,33,5) (0,33,6) (0,33,7) (0,33,8) (0,33,9) (0,33,10) (0,33,11) (0,33,12) (0,33,13) (0,33,14) (0,33,15) (0,33,16) (0,33,17) (0,33,18) (0,33,19) (0,33,20) (0,33,21) (0,33,22) (0,33,23) (0,33,24) (0,33,25) (0,33,26) (0,33,27) (0,33,28) (0,33,29) (0,33,30) (0,33,31) (0,33,32) (0,34,1) (0,34,2) (0,34,3) (0,34,4) (0,34,5) (0,34,6) (0,34,7) (0,34,8) (0,34,9) (0,34,10) (0,34,11) (0,34,12) (0,34,13) (0,34,14) (0,34,15) (0,34,16) (0,34,17) (0,34,18) (0,34,19) (0,34,20) (0,34,21) (0,34,22) (0,34,23) (0,34,24) (0,34,25) (0,34,26) (0,34,27) (0,34,28) (0,34,29) (0,34,30) (0,34,31) (0,34,32) (0,34,33) (0,35,1) (0,35,2) (0,35,3) (0,35,4) (0,35,5) (0,35,6) (0,35,7) (0,35,8) (0,35,9) (0,35,10) (0,35,11) (0,35,12) (0,35,13) (0,35,14) (0,35,15) (0,35,16) (0,35,17) (0,35,18) (0,35,19) (0,35,20) (0,35,21) (0,35,22) (0,35,23) (0,35,24) (0,35,25) (0,35,26) (0,35,27) (0,35,28) (0,35,29) (0,35,30) (0,35,31) (0,35,32) (0,35,33) (0,35,34) (0,36,1) (0,36,2) (0,36,3) (0,36,4) (0,36,5) (0,36,6) (0,36,7) (0,36,8) (0,36,9) (0,36,10) (0,36,11) (0,36,12) (0,36,13) (0,36,14) (0,36,15) (0,36,16) (0,36,17) (0,36,18) (0,36,19) (0,36,20) (0,36,21) (0,36,22) (0,36,23) (0,36,24) (0,36,25) (0,36,26) (0,36,27) (0,36,28) (0,36,29) (0,36,30) (0,36,31) (0,36,32) (0,36,33) (0,36,34) (0,36,35) (0,36,37) (0,36,40) (0,36,41) (0,36,42) (0,36,43) (0,36,44) (0,36,45) (0,36,46) (0,36,47) (0,36,48) (0,36,49) (0,36,51) (0,36,52) (0,36,53) (0,36,54) (0,36,55) (0,36,56) (0,36,57) (0,36,58) (0,36,59) (0,36,60) (0,36,61) (0,36,63) (0,36,64) (0,36,65) (0,36,66) (0,36,67) (0,36,68) (0,36,69) (0,36,70) (0,36,71) (0,36,72) (0,36,73) (0,36,74) (0,36,75) (0,36,78) (0,36,79) (0,36,80) (0,36,81) (0,36,82) (0,36,83) (0,36,84) (0,36,85) (0,36,86) (0,36,87) (0,36,88) (0,36,89) (0,36,91) (0,36,92) (0,36,94) (0,36,95) (0,36,96) (0,36,98) (0,36,99) (0,36,100) (0,37,1) (0,37,2) (0,37,3) (0,37,4) (0,37,5) (0,37,6) (0,37,7) (0,37,8) (0,37,9) (0,37,10) (0,37,11) (0,37,12) (0,37,13) (0,37,14) (0,37,15) (0,37,16) (0,37,17) (0,37,18) (0,37,19) (0,37,20) (0,37,21) (0,37,22) (0,37,23) (0,37,24) (0,37,25) (0,37,26) (0,37,27) (0,37,28) (0,37,29) (0,37,30) (0,37,31) (0,37,32) (0,37,33) (0,37,34) (0,37,35) (0,37,36) (0,37,38) (0,37,39) (0,37,50) (0,37,62) (0,37,76) (0,37,77) (0,37,90) (0,37,93) (0,37,97) (0,38,1) (0,38,2) (0,38,3) (0,38,4) (0,38,5) (0,38,6) (0,38,7) (0,38,8) (0,38,9) (0,38,10) (0,38,11) (0,38,12) (0,38,13) (0,38,14) (0,38,15) (0,38,16) (0,38,17) (0,38,18) (0,38,19) (0,38,20) (0,38,21) (0,38,22) (0,38,23) (0,38,24) (0,38,25) (0,38,26) (0,38,27) (0,38,28) (0,38,29) (0,38,30) (0,38,31) (0,38,32) (0,38,33) (0,38,34) (0,38,35) (0,38,36) (0,38,37) (0,38,40) (0,38,41) (0,38,42) (0,38,43) (0,38,44) (0,38,45) (0,38,46) (0,38,47) (0,38,48) (0,38,49) (0,38,51) (0,38,52) (0,38,53) (0,38,54) (0,38,55) (0,38,56) (0,38,57) (0,38,58) (0,38,59) (0,38,60) (0,38,61) (0,38,63) (0,38,64) (0,38,65) (0,38,66) (0,38,67) (0,38,68) (0,38,69) (0,38,70) (0,38,71) (0,38,72) (0,38,73) (0,38,74) (0,38,75) (0,38,78) (0,38,79) (0,38,80) (0,38,81) (0,38,82) (0,38,83) (0,38,84) (0,38,85) (0,38,86) (0,38,87) (0,38,88) (0,38,89) (0,38,91) (0,38,92) (0,38,94) (0,38,95) (0,38,96) (0,38,98) (0,38,99) (0,38,100) (0,39,1) (0,39,2) (0,39,3) (0,39,4) (0,39,5) (0,39,6) (0,39,7) (0,39,8) (0,39,9) (0,39,10) (0,39,11) (0,39,12) (0,39,13) (0,39,14) (0,39,15) (0,39,16) (0,39,17) (0,39,18) (0,39,19) (0,39,20) (0,39,21) (0,39,22) (0,39,23) (0,39,24) (0,39,25) (0,39,26) (0,39,27) (0,39,28) (0,39,29) (0,39,30) (0,39,31) (0,39,32) (0,39,33) (0,39,34) (0,39,35) (0,39,36) (0,39,37) (0,39,38) (0,39,40) (0,39,41) (0,39,42) (0,39,43) (0,39,44) (0,39,45) (0,39,46) (0,39,47) (0,39,48) (0,39,49) (0,39,50) (0,39,51) (0,39,52) (0,39,53) (0,39,54) (0,39,55) (0,39,56) (0,39,57) (0,39,58) (0,39,59) (0,39,60) (0,39,61) (0,39,63) (0,39,64) (0,39,65) (0,39,66) (0,39,67) (0,39,68) (0,39,69) (0,39,70) (0,39,71) (0,39,72) (0,39,73) (0,39,74) (0,39,75) (0,39,77) (0,39,78) (0,39,79) (0,39,80) (0,39,81) (0,39,82) (0,39,83) (0,39,84) (0,39,85) (0,39,86) (0,39,87) (0,39,88) (0,39,89) (0,39,90) (0,39,91) (0,39,92) (0,39,94) (0,39,95) (0,39,96) (0,39,97) (0,39,98) (0,39,99) (0,39,100) (0,40,1) (0,40,2) (0,40,3) (0,40,4) (0,40,5) (0,40,6) (0,40,7) (0,40,8) (0,40,9) (0,40,10) (0,40,11) (0,40,12) (0,40,13) (0,40,14) (0,40,15) (0,40,16) (0,40,17) (0,40,18) (0,40,19) (0,40,20) (0,40,21) (0,40,22) (0,40,23) (0,40,24) (0,40,25) (0,40,26) (0,40,27) (0,40,28) (0,40,29) (0,40,30) (0,40,31) (0,40,32) (0,40,33) (0,40,34) (0,40,35) (0,40,36) (0,40,37) (0,40,38) (0,40,39) (0,40,41) (0,40,50) (0,40,62) (0,40,76) (0,40,77) (0,40,90) (0,40,93) (0,40,97) (0,41,1) (0,41,2) (0,41,3) (0,41,4) (0,41,5) (0,41,6) (0,41,7) (0,41,8) (0,41,9) (0,41,10) (0,41,11) (0,41,12) (0,41,13) (0,41,14) (0,41,15) (0,41,16) (0,41,17) (0,41,18) (0,41,19) (0,41,20) (0,41,21) (0,41,22) (0,41,23) (0,41,24) (0,41,25) (0,41,26) (0,41,27) (0,41,28) (0,41,29) (0,41,30) (0,41,31) (0,41,32) (0,41,33) (0,41,34) (0,41,35) (0,41,36) (0,41,37) (0,41,38) (0,41,39) (0,41,40) (0,41,42) (0,41,43) (0,41,44) (0,41,45) (0,41,46) (0,41,47) (0,41,48) (0,41,49) (0,41,50) (0,41,51) (0,41,52) (0,41,53) (0,41,54) (0,41,55) (0,41,56) (0,41,57) (0,41,58) (0,41,59) (0,41,60) (0,41,61) (0,41,62) (0,41,63) (0,41,64) (0,41,65) (0,41,66) (0,41,67) (0,41,68) (0,41,69) (0,41,70) (0,41,71) (0,41,72) (0,41,73) (0,41,74) (0,41,75) (0,41,76) (0,41,77) (0,41,78) (0,41,79) (0,41,80) (0,41,81) (0,41,82) (0,41,83) (0,41,84) (0,41,85) (0,41,86) (0,41,87) (0,41,88) (0,41,89) (0,41,90) (0,41,91) (0,41,92) (0,41,93) (0,41,94) (0,41,95) (0,41,96) (0,41,97) (0,41,98) (0,41,99) (0,41,100) (0,42,1) (0,42,2) (0,42,3) (0,42,4) (0,42,5) (0,42,6) (0,42,7) (0,42,8) (0,42,9) (0,42,10) (0,42,11) (0,42,12) (0,42,13) (0,42,14) (0,42,15) (0,42,16) (0,42,17) (0,42,18) (0,42,19) (0,42,20) (0,42,21) (0,42,22) (0,42,23) (0,42,24) (0,42,25) (0,42,26) (0,42,27) (0,42,28) (0,42,29) (0,42,30) (0,42,31) (0,42,32) (0,42,33) (0,42,34) (0,42,35) (0,42,36) (0,42,37) (0,42,38) (0,42,39) (0,42,40) (0,42,41) (0,42,50) (0,42,62) (0,42,76) (0,42,77) (0,42,90) (0,42,93) (0,42,97) (0,43,1) (0,43,2) (0,43,3) (0,43,4) (0,43,5) (0,43,6) (0,43,7) (0,43,8) (0,43,9) (0,43,10) (0,43,11) (0,43,12) (0,43,13) (0,43,14) (0,43,15) (0,43,16) (0,43,17) (0,43,18) (0,43,19) (0,43,20) (0,43,21) (0,43,22) (0,43,23) (0,43,24) (0,43,25) (0,43,26) (0,43,27) (0,43,28) (0,43,29) (0,43,30) (0,43,31) (0,43,32) (0,43,33) (0,43,34) (0,43,35) (0,43,36) (0,43,37) (0,43,38) (0,43,39) (0,43,40) (0,43,41) (0,43,42) (0,43,50) (0,43,62) (0,43,76) (0,43,77) (0,43,90) (0,43,93) (0,43,97) (0,44,1) (0,44,2) (0,44,3) (0,44,4) (0,44,5) (0,44,6) (0,44,7) (0,44,8) (0,44,9) (0,44,10) (0,44,11) (0,44,12) (0,44,13) (0,44,14) (0,44,15) (0,44,16) (0,44,17) (0,44,18) (0,44,19) (0,44,20) (0,44,21) (0,44,22) (0,44,23) (0,44,24) (0,44,25) (0,44,26) (0,44,27) (0,44,28) (0,44,29) (0,44,30) (0,44,31) (0,44,32) (0,44,33) (0,44,34) (0,44,35) (0,44,36) (0,44,37) (0,44,38) (0,44,39) (0,44,40) (0,44,41) (0,44,42) (0,44,43) (0,44,48) (0,44,50) (0,44,51) (0,44,59) (0,44,62) (0,44,66) (0,44,67) (0,44,71) (0,44,76) (0,44,77) (0,44,90) (0,44,93) (0,44,94) (0,44,96) (0,44,97) (0,45,1) (0,45,2) (0,45,3) (0,45,4) (0,45,5) (0,45,6) (0,45,7) (0,45,8) (0,45,9) (0,45,10) (0,45,11) (0,45,12) (0,45,13) (0,45,14) (0,45,15) (0,45,16) (0,45,17) (0,45,18) (0,45,19) (0,45,20) (0,45,21) (0,45,22) (0,45,23) (0,45,24) (0,45,25) (0,45,26) (0,45,27) (0,45,28) (0,45,29) (0,45,30) (0,45,31) (0,45,32) (0,45,33) (0,45,34) (0,45,35) (0,45,36) (0,45,37) (0,45,38) (0,45,39) (0,45,40) (0,45,41) (0,45,42) (0,45,43) (0,45,44) (0,45,48) (0,45,50) (0,45,51) (0,45,59) (0,45,62) (0,45,66) (0,45,67) (0,45,71) (0,45,76) (0,45,77) (0,45,90) (0,45,93) (0,45,94) (0,45,96) (0,45,97) (0,46,1) (0,46,2) (0,46,3) (0,46,4) (0,46,5) (0,46,6) (0,46,7) (0,46,8) (0,46,9) (0,46,10) (0,46,11) (0,46,12) (0,46,13) (0,46,14) (0,46,15) (0,46,16) (0,46,17) (0,46,18) (0,46,19) (0,46,20) (0,46,21) (0,46,22) (0,46,23) (0,46,24) (0,46,25) (0,46,26) (0,46,27) (0,46,28) (0,46,29) (0,46,30) (0,46,31) (0,46,32) (0,46,33) (0,46,34) (0,46,35) (0,46,36) (0,46,37) (0,46,38) (0,46,39) (0,46,40) (0,46,41) (0,46,42) (0,46,43) (0,46,44) (0,46,45) (0,46,48) (0,46,50) (0,46,51) (0,46,59) (0,46,62) (0,46,66) (0,46,67) (0,46,71) (0,46,76) (0,46,77) (0,46,90) (0,46,93) (0,46,94) (0,46,96) (0,46,97) (0,47,1) (0,47,2) (0,47,3) (0,47,4) (0,47,5) (0,47,6) (0,47,7) (0,47,8) (0,47,9) (0,47,10) (0,47,11) (0,47,12) (0,47,13) (0,47,14) (0,47,15) (0,47,16) (0,47,17) (0,47,18) (0,47,19) (0,47,20) (0,47,21) (0,47,22) (0,47,23) (0,47,24) (0,47,25) (0,47,26) (0,47,27) (0,47,28) (0,47,29) (0,47,30) (0,47,31) (0,47,32) (0,47,33) (0,47,34) (0,47,35) (0,47,36) (0,47,37) (0,47,38) (0,47,39) (0,47,40) (0,47,41) (0,47,42) (0,47,43) (0,47,44) (0,47,45) (0,47,46) (0,47,48) (0,47,50) (0,47,51) (0,47,59) (0,47,62) (0,47,66) (0,47,67) (0,47,71) (0,47,76) (0,47,77) (0,47,81) (0,47,84) (0,47,90) (0,47,93) (0,47,94) (0,47,96) (0,47,97) (0,47,100) (0,48,1) (0,48,2) (0,48,3) (0,48,4) (0,48,5) (0,48,6) (0,48,7) (0,48,8) (0,48,9) (0,48,10) (0,48,11) (0,48,12) (0,48,13) (0,48,14) (0,48,15) (0,48,16) (0,48,17) (0,48,18) (0,48,19) (0,48,20) (0,48,21) (0,48,22) (0,48,23) (0,48,24) (0,48,25) (0,48,26) (0,48,27) (0,48,28) (0,48,29) (0,48,30) (0,48,31) (0,48,32) (0,48,33) (0,48,34) (0,48,35) (0,48,36) (0,48,37) (0,48,38) (0,48,39) (0,48,40) (0,48,41) (0,48,42) (0,48,43) (0,48,44) (0,48,45) (0,48,46) (0,48,47) (0,48,49) (0,48,50) (0,48,52) (0,48,53) (0,48,54) (0,48,55) (0,48,56) (0,48,57) (0,48,58) (0,48,60) (0,48,61) (0,48,62) (0,48,63) (0,48,64) (0,48,65) (0,48,68) (0,48,69) (0,48,70) (0,48,72) (0,48,73) (0,48,74) (0,48,75) (0,48,76) (0,48,77) (0,48,78) (0,48,79) (0,48,80) (0,48,81) (0,48,82) (0,48,83) (0,48,84) (0,48,85) (0,48,86) (0,48,87) (0,48,88) (0,48,89) (0,48,90) (0,48,91) (0,48,92) (0,48,93) (0,48,95) (0,48,97) (0,48,98) (0,48,99) (0,48,100) (0,49,1) (0,49,2) (0,49,3) (0,49,4) (0,49,5) (0,49,6) (0,49,7) (0,49,8) (0,49,9) (0,49,10) (0,49,11) (0,49,12) (0,49,13) (0,49,14) (0,49,15) (0,49,16) (0,49,17) (0,49,18) (0,49,19) (0,49,20) (0,49,21) (0,49,22) (0,49,23) (0,49,24) (0,49,25) (0,49,26) (0,49,27) (0,49,28) (0,49,29) (0,49,30) (0,49,31) (0,49,32) (0,49,33) (0,49,34) (0,49,35) (0,49,36) (0,49,37) (0,49,38) (0,49,39) (0,49,40) (0,49,41) (0,49,42) (0,49,43) (0,49,44) (0,49,45) (0,49,46) (0,49,47) (0,49,48) (0,49,50) (0,49,51) (0,49,59) (0,49,62) (0,49,66) (0,49,67) (0,49,71) (0,49,76) (0,49,77) (0,49,81) (0,49,84) (0,49,90) (0,49,93) (0,49,94) (0,49,96) (0,49,97) (0,49,100) (0,50,1) (0,50,2) (0,50,3) (0,50,4) (0,50,5) (0,50,6) (0,50,7) (0,50,8) (0,50,9) (0,50,10) (0,50,11) (0,50,12) (0,50,13) (0,50,14) (0,50,15) (0,50,16) (0,50,17) (0,50,18) (0,50,19) (0,50,20) (0,50,21) (0,50,22) (0,50,23) (0,50,24) (0,50,25) (0,50,26) (0,50,27) (0,50,28) (0,50,29) (0,50,30) (0,50,31) (0,50,32) (0,50,33) (0,50,34) (0,50,35) (0,50,36) (0,50,37) (0,50,38) (0,50,39) (0,50,40) (0,50,41) (0,50,42) (0,50,43) (0,50,44) (0,50,45) (0,50,46) (0,50,47) (0,50,48) (0,50,49) (0,50,51) (0,50,52) (0,50,53) (0,50,54) (0,50,55) (0,50,56) (0,50,57) (0,50,58) (0,50,59) (0,50,60) (0,50,61) (0,50,62) (0,50,63) (0,50,64) (0,50,65) (0,50,66) (0,50,67) (0,50,68) (0,50,69) (0,50,70) (0,50,71) (0,50,72) (0,50,73) (0,50,74) (0,50,75) (0,50,76) (0,50,78) (0,50,79) (0,50,80) (0,50,81) (0,50,82) (0,50,83) (0,50,84) (0,50,85) (0,50,86) (0,50,87) (0,50,88) (0,50,89) (0,50,91) (0,50,92) (0,50,93) (0,50,94) (0,50,95) (0,50,96) (0,50,98) (0,50,99) (0,50,100) (0,51,1) (0,51,2) (0,51,3) (0,51,4) (0,51,5) (0,51,6) (0,51,7) (0,51,8) (0,51,9) (0,51,10) (0,51,11) (0,51,12) (0,51,13) (0,51,14) (0,51,15) (0,51,16) (0,51,17) (0,51,18) (0,51,19) (0,51,20) (0,51,21) (0,51,22) (0,51,23) (0,51,24) (0,51,25) (0,51,26) (0,51,27) (0,51,28) (0,51,29) (0,51,30) (0,51,31) (0,51,32) (0,51,33) (0,51,34) (0,51,35) (0,51,36) (0,51,37) (0,51,38) (0,51,39) (0,51,40) (0,51,41) (0,51,42) (0,51,43) (0,51,44) (0,51,45) (0,51,46) (0,51,47) (0,51,48) (0,51,49) (0,51,50) (0,51,52) (0,51,53) (0,51,54) (0,51,55) (0,51,56) (0,51,57) (0,51,58) (0,51,60) (0,51,61) (0,51,62) (0,51,63) (0,51,64) (0,51,65) (0,51,68) (0,51,69) (0,51,70) (0,51,72) (0,51,73) (0,51,74) (0,51,75) (0,51,76) (0,51,77) (0,51,78) (0,51,79) (0,51,80) (0,51,81) (0,51,82) (0,51,83) (0,51,84) (0,51,85) (0,51,86) (0,51,87) (0,51,88) (0,51,89) (0,51,90) (0,51,91) (0,51,92) (0,51,93) (0,51,95) (0,51,97) (0,51,98) (0,51,99) (0,51,100) (0,52,1) (0,52,2) (0,52,3) (0,52,4) (0,52,5) (0,52,6) (0,52,7) (0,52,8) (0,52,9) (0,52,10) (0,52,11) (0,52,12) (0,52,13) (0,52,14) (0,52,15) (0,52,16) (0,52,17) (0,52,18) (0,52,19) (0,52,20) (0,52,21) (0,52,22) (0,52,23) (0,52,24) (0,52,25) (0,52,26) (0,52,27) (0,52,28) (0,52,29) (0,52,30) (0,52,31) (0,52,32) (0,52,33) (0,52,34) (0,52,35) (0,52,36) (0,52,37) (0,52,38) (0,52,39) (0,52,40) (0,52,41) (0,52,42) (0,52,43) (0,52,44) (0,52,45) (0,52,46) (0,52,47) (0,52,48) (0,52,49) (0,52,50) (0,52,51) (0,52,59) (0,52,62) (0,52,66) (0,52,67) (0,52,71) (0,52,76) (0,52,77) (0,52,81) (0,52,84) (0,52,90) (0,52,93) (0,52,94) (0,52,96) (0,52,97) (0,52,100) (0,53,1) (0,53,2) (0,53,3) (0,53,4) (0,53,5) (0,53,6) (0,53,7) (0,53,8) (0,53,9) (0,53,10) (0,53,11) (0,53,12) (0,53,13) (0,53,14) (0,53,15) (0,53,16) (0,53,17) (0,53,18) (0,53,19) (0,53,20) (0,53,21) (0,53,22) (0,53,23) (0,53,24) (0,53,25) (0,53,26) (0,53,27) (0,53,28) (0,53,29) (0,53,30) (0,53,31) (0,53,32) (0,53,33) (0,53,34) (0,53,35) (0,53,36) (0,53,37) (0,53,38) (0,53,39) (0,53,40) (0,53,41) (0,53,42) (0,53,43) (0,53,44) (0,53,45) (0,53,46) (0,53,47) (0,53,48) (0,53,49) (0,53,50) (0,53,51) (0,53,52) (0,53,59) (0,53,62) (0,53,66) (0,53,67) (0,53,71) (0,53,76) (0,53,77) (0,53,81) (0,53,84) (0,53,90) (0,53,93) (0,53,94) (0,53,96) (0,53,97) (0,53,100) (0,54,1) (0,54,2) (0,54,3) (0,54,4) (0,54,5) (0,54,6) (0,54,7) (0,54,8) (0,54,9) (0,54,10) (0,54,11) (0,54,12) (0,54,13) (0,54,14) (0,54,15) (0,54,16) (0,54,17) (0,54,18) (0,54,19) (0,54,20) (0,54,21) (0,54,22) (0,54,23) (0,54,24) (0,54,25) (0,54,26) (0,54,27) (0,54,28) (0,54,29) (0,54,30) (0,54,31) (0,54,32) (0,54,33) (0,54,34) (0,54,35) (0,54,36) (0,54,37) (0,54,38) (0,54,39) (0,54,40) (0,54,41) (0,54,42) (0,54,43) (0,54,44) (0,54,45) (0,54,46) (0,54,47) (0,54,48) (0,54,49) (0,54,50) (0,54,51) (0,54,52) (0,54,53) (0,54,59) (0,54,62) (0,54,66) (0,54,67) (0,54,71) (0,54,76) (0,54,77) (0,54,81) (0,54,84) (0,54,90) (0,54,93) (0,54,94) (0,54,96) (0,54,97) (0,54,100) (0,55,1) (0,55,2) (0,55,3) (0,55,4) (0,55,5) (0,55,6) (0,55,7) (0,55,8) (0,55,9) (0,55,10) (0,55,11) (0,55,12) (0,55,13) (0,55,14) (0,55,15) (0,55,16) (0,55,17) (0,55,18) (0,55,19) (0,55,20) (0,55,21) (0,55,22) (0,55,23) (0,55,24) (0,55,25) (0,55,26) (0,55,27) (0,55,28) (0,55,29) (0,55,30) (0,55,31) (0,55,32) (0,55,33) (0,55,34) (0,55,35) (0,55,36) (0,55,37) (0,55,38) (0,55,39) (0,55,40) (0,55,41) (0,55,42) (0,55,43) (0,55,44) (0,55,45) (0,55,46) (0,55,47) (0,55,48) (0,55,49) (0,55,50) (0,55,51) (0,55,52) (0,55,53) (0,55,54) (0,55,56) (0,55,57) (0,55,58) (0,55,59) (0,55,60) (0,55,61) (0,55,62) (0,55,64) (0,55,65) (0,55,66) (0,55,67) (0,55,70) (0,55,71) (0,55,72) (0,55,73) (0,55,74) (0,55,75) (0,55,76) (0,55,77) (0,55,78) (0,55,79) (0,55,80) (0,55,81) (0,55,82) (0,55,83) (0,55,84) (0,55,85) (0,55,86) (0,55,87) (0,55,88) (0,55,89) (0,55,90) (0,55,91) (0,55,92) (0,55,93) (0,55,94) (0,55,95) (0,55,96) (0,55,97) (0,55,98) (0,55,100) (0,56,1) (0,56,2) (0,56,3) (0,56,4) (0,56,5) (0,56,6) (0,56,7) (0,56,8) (0,56,9) (0,56,10) (0,56,11) (0,56,12) (0,56,13) (0,56,14) (0,56,15) (0,56,16) (0,56,17) (0,56,18) (0,56,19) (0,56,20) (0,56,21) (0,56,22) (0,56,23) (0,56,24) (0,56,25) (0,56,26) (0,56,27) (0,56,28) (0,56,29) (0,56,30) (0,56,31) (0,56,32) (0,56,33) (0,56,34) (0,56,35) (0,56,36) (0,56,37) (0,56,38) (0,56,39) (0,56,40) (0,56,41) (0,56,42) (0,56,43) (0,56,44) (0,56,45) (0,56,46) (0,56,47) (0,56,48) (0,56,49) (0,56,50) (0,56,51) (0,56,52) (0,56,53) (0,56,54) (0,56,55) (0,56,59) (0,56,62) (0,56,63) (0,56,66) (0,56,67) (0,56,68) (0,56,69) (0,56,71) (0,56,76) (0,56,77) (0,56,81) (0,56,84) (0,56,90) (0,56,93) (0,56,94) (0,56,96) (0,56,97) (0,56,99) (0,56,100) (0,57,1) (0,57,2) (0,57,3) (0,57,4) (0,57,5) (0,57,6) (0,57,7) (0,57,8) (0,57,9) (0,57,10) (0,57,11) (0,57,12) (0,57,13) (0,57,14) (0,57,15) (0,57,16) (0,57,17) (0,57,18) (0,57,19) (0,57,20) (0,57,21) (0,57,22) (0,57,23) (0,57,24) (0,57,25) (0,57,26) (0,57,27) (0,57,28) (0,57,29) (0,57,30) (0,57,31) (0,57,32) (0,57,33) (0,57,34) (0,57,35) (0,57,36) (0,57,37) (0,57,38) (0,57,39) (0,57,40) (0,57,41) (0,57,42) (0,57,43) (0,57,44) (0,57,45) (0,57,46) (0,57,47) (0,57,48) (0,57,49) (0,57,50) (0,57,51) (0,57,52) (0,57,53) (0,57,54) (0,57,55) (0,57,56) (0,57,59) (0,57,62) (0,57,63) (0,57,66) (0,57,67) (0,57,68) (0,57,69) (0,57,71) (0,57,76) (0,57,77) (0,57,81) (0,57,84) (0,57,90) (0,57,93) (0,57,94) (0,57,96) (0,57,97) (0,57,99) (0,57,100) (0,58,1) (0,58,2) (0,58,3) (0,58,4) (0,58,5) (0,58,6) (0,58,7) (0,58,8) (0,58,9) (0,58,10) (0,58,11) (0,58,12) (0,58,13) (0,58,14) (0,58,15) (0,58,16) (0,58,17) (0,58,18) (0,58,19) (0,58,20) (0,58,21) (0,58,22) (0,58,23) (0,58,24) (0,58,25) (0,58,26) (0,58,27) (0,58,28) (0,58,29) (0,58,30) (0,58,31) (0,58,32) (0,58,33) (0,58,34) (0,58,35) (0,58,36) (0,58,37) (0,58,38) (0,58,39) (0,58,40) (0,58,41) (0,58,42) (0,58,43) (0,58,44) (0,58,45) (0,58,46) (0,58,47) (0,58,48) (0,58,49) (0,58,50) (0,58,51) (0,58,52) (0,58,53) (0,58,54) (0,58,55) (0,58,56) (0,58,57) (0,58,59) (0,58,62) (0,58,63) (0,58,66) (0,58,67) (0,58,68) (0,58,69) (0,58,71) (0,58,76) (0,58,77) (0,58,78) (0,58,81) (0,58,84) (0,58,90) (0,58,93) (0,58,94) (0,58,96) (0,58,97) (0,58,99) (0,58,100) (0,59,1) (0,59,2) (0,59,3) (0,59,4) (0,59,5) (0,59,6) (0,59,7) (0,59,8) (0,59,9) (0,59,10) (0,59,11) (0,59,12) (0,59,13) (0,59,14) (0,59,15) (0,59,16) (0,59,17) (0,59,18) (0,59,19) (0,59,20) (0,59,21) (0,59,22) (0,59,23) (0,59,24) (0,59,25) (0,59,26) (0,59,27) (0,59,28) (0,59,29) (0,59,30) (0,59,31) (0,59,32) (0,59,33) (0,59,34) (0,59,35) (0,59,36) (0,59,37) (0,59,38) (0,59,39) (0,59,40) (0,59,41) (0,59,42) (0,59,43) (0,59,44) (0,59,45) (0,59,46) (0,59,47) (0,59,48) (0,59,49) (0,59,50) (0,59,51) (0,59,52) (0,59,53) (0,59,54) (0,59,55) (0,59,56) (0,59,57) (0,59,58) (0,59,60) (0,59,61) (0,59,62) (0,59,63) (0,59,64) (0,59,65) (0,59,68) (0,59,69) (0,59,70) (0,59,72) (0,59,73) (0,59,74) (0,59,75) (0,59,76) (0,59,77) (0,59,78) (0,59,79) (0,59,80) (0,59,81) (0,59,82) (0,59,83) (0,59,84) (0,59,85) (0,59,86) (0,59,87) (0,59,88) (0,59,89) (0,59,90) (0,59,91) (0,59,92) (0,59,93) (0,59,95) (0,59,97) (0,59,98) (0,59,99) (0,59,100) (0,60,1) (0,60,2) (0,60,3) (0,60,4) (0,60,5) (0,60,6) (0,60,7) (0,60,8) (0,60,9) (0,60,10) (0,60,11) (0,60,12) (0,60,13) (0,60,14) (0,60,15) (0,60,16) (0,60,17) (0,60,18) (0,60,19) (0,60,20) (0,60,21) (0,60,22) (0,60,23) (0,60,24) (0,60,25) (0,60,26) (0,60,27) (0,60,28) (0,60,29) (0,60,30) (0,60,31) (0,60,32) (0,60,33) (0,60,34) (0,60,35) (0,60,36) (0,60,37) (0,60,38) (0,60,39) (0,60,40) (0,60,41) (0,60,42) (0,60,43) (0,60,44) (0,60,45) (0,60,46) (0,60,47) (0,60,48) (0,60,49) (0,60,50) (0,60,51) (0,60,52) (0,60,53) (0,60,54) (0,60,55) (0,60,56) (0,60,57) (0,60,58) (0,60,59) (0,60,62) (0,60,63) (0,60,66) (0,60,67) (0,60,68) (0,60,69) (0,60,71) (0,60,76) (0,60,77) (0,60,78) (0,60,81) (0,60,84) (0,60,90) (0,60,93) (0,60,94) (0,60,96) (0,60,97) (0,60,99) (0,60,100) (0,61,1) (0,61,2) (0,61,3) (0,61,4) (0,61,5) (0,61,6) (0,61,7) (0,61,8) (0,61,9) (0,61,10) (0,61,11) (0,61,12) (0,61,13) (0,61,14) (0,61,15) (0,61,16) (0,61,17) (0,61,18) (0,61,19) (0,61,20) (0,61,21) (0,61,22) (0,61,23) (0,61,24) (0,61,25) (0,61,26) (0,61,27) (0,61,28) (0,61,29) (0,61,30) (0,61,31) (0,61,32) (0,61,33) (0,61,34) (0,61,35) (0,61,36) (0,61,37) (0,61,38) (0,61,39) (0,61,40) (0,61,41) (0,61,42) (0,61,43) (0,61,44) (0,61,45) (0,61,46) (0,61,47) (0,61,48) (0,61,49) (0,61,50) (0,61,51) (0,61,52) (0,61,53) (0,61,54) (0,61,55) (0,61,56) (0,61,57) (0,61,58) (0,61,59) (0,61,60) (0,61,62) (0,61,63) (0,61,66) (0,61,67) (0,61,68) (0,61,69) (0,61,71) (0,61,76) (0,61,77) (0,61,78) (0,61,81) (0,61,84) (0,61,90) (0,61,93) (0,61,94) (0,61,96) (0,61,97) (0,61,99) (0,61,100) (0,62,1) (0,62,2) (0,62,3) (0,62,4) (0,62,5) (0,62,6) (0,62,7) (0,62,8) (0,62,9) (0,62,10) (0,62,11) (0,62,12) (0,62,13) (0,62,14) (0,62,15) (0,62,16) (0,62,17) (0,62,18) (0,62,19) (0,62,20) (0,62,21) (0,62,22) (0,62,23) (0,62,24) (0,62,25) (0,62,26) (0,62,27) (0,62,28) (0,62,29) (0,62,30) (0,62,31) (0,62,32) (0,62,33) (0,62,34) (0,62,35) (0,62,36) (0,62,37) (0,62,38) (0,62,39) (0,62,40) (0,62,41) (0,62,42) (0,62,43) (0,62,44) (0,62,45) (0,62,46) (0,62,47) (0,62,48) (0,62,49) (0,62,50) (0,62,51) (0,62,52) (0,62,53) (0,62,54) (0,62,55) (0,62,56) (0,62,57) (0,62,58) (0,62,59) (0,62,60) (0,62,61) (0,62,63) (0,62,64) (0,62,65) (0,62,66) (0,62,67) (0,62,68) (0,62,69) (0,62,70) (0,62,71) (0,62,72) (0,62,73) (0,62,74) (0,62,75) (0,62,77) (0,62,78) (0,62,79) (0,62,80) (0,62,81) (0,62,82) (0,62,83) (0,62,84) (0,62,85) (0,62,86) (0,62,87) (0,62,88) (0,62,89) (0,62,90) (0,62,91) (0,62,92) (0,62,94) (0,62,95) (0,62,96) (0,62,97) (0,62,98) (0,62,99) (0,62,100) (0,63,1) (0,63,2) (0,63,3) (0,63,4) (0,63,5) (0,63,6) (0,63,7) (0,63,8) (0,63,9) (0,63,10) (0,63,11) (0,63,12) (0,63,13) (0,63,14) (0,63,15) (0,63,16) (0,63,17) (0,63,18) (0,63,19) (0,63,20) (0,63,21) (0,63,22) (0,63,23) (0,63,24) (0,63,25) (0,63,26) (0,63,27) (0,63,28) (0,63,29) (0,63,30) (0,63,31) (0,63,32) (0,63,33) (0,63,34) (0,63,35) (0,63,36) (0,63,37) (0,63,38) (0,63,39) (0,63,40) (0,63,41) (0,63,42) (0,63,43) (0,63,44) (0,63,45) (0,63,46) (0,63,47) (0,63,48) (0,63,49) (0,63,50) (0,63,51) (0,63,52) (0,63,53) (0,63,54) (0,63,55) (0,63,56) (0,63,57) (0,63,58) (0,63,59) (0,63,60) (0,63,61) (0,63,62) (0,63,64) (0,63,65) (0,63,66) (0,63,67) (0,63,70) (0,63,71) (0,63,72) (0,63,73) (0,63,74) (0,63,75) (0,63,76) (0,63,77) (0,63,78) (0,63,79) (0,63,80) (0,63,81) (0,63,82) (0,63,83) (0,63,84) (0,63,85) (0,63,86) (0,63,87) (0,63,88) (0,63,89) (0,63,90) (0,63,91) (0,63,92) (0,63,93) (0,63,94) (0,63,95) (0,63,96) (0,63,97) (0,63,98) (0,63,100) (0,64,1) (0,64,2) (0,64,3) (0,64,4) (0,64,5) (0,64,6) (0,64,7) (0,64,8) (0,64,9) (0,64,10) (0,64,11) (0,64,12) (0,64,13) (0,64,14) (0,64,15) (0,64,16) (0,64,17) (0,64,18) (0,64,19) (0,64,20) (0,64,21) (0,64,22) (0,64,23) (0,64,24) (0,64,25) (0,64,26) (0,64,27) (0,64,28) (0,64,29) (0,64,30) (0,64,31) (0,64,32) (0,64,33) (0,64,34) (0,64,35) (0,64,36) (0,64,37) (0,64,38) (0,64,39) (0,64,40) (0,64,41) (0,64,42) (0,64,43) (0,64,44) (0,64,45) (0,64,46) (0,64,47) (0,64,48) (0,64,49) (0,64,50) (0,64,51) (0,64,52) (0,64,53) (0,64,54) (0,64,55) (0,64,56) (0,64,57) (0,64,58) (0,64,59) (0,64,60) (0,64,61) (0,64,62) (0,64,63) (0,64,66) (0,64,67) (0,64,68) (0,64,69) (0,64,71) (0,64,76) (0,64,77) (0,64,78) (0,64,81) (0,64,82) (0,64,84) (0,64,90) (0,64,93) (0,64,94) (0,64,96) (0,64,97) (0,64,99) (0,64,100) (0,65,1) (0,65,2) (0,65,3) (0,65,4) (0,65,5) (0,65,6) (0,65,7) (0,65,8) (0,65,9) (0,65,10) (0,65,11) (0,65,12) (0,65,13) (0,65,14) (0,65,15) (0,65,16) (0,65,17) (0,65,18) (0,65,19) (0,65,20) (0,65,21) (0,65,22) (0,65,23) (0,65,24) (0,65,25) (0,65,26) (0,65,27) (0,65,28) (0,65,29) (0,65,30) (0,65,31) (0,65,32) (0,65,33) (0,65,34) (0,65,35) (0,65,36) (0,65,37) (0,65,38) (0,65,39) (0,65,40) (0,65,41) (0,65,42) (0,65,43) (0,65,44) (0,65,45) (0,65,46) (0,65,47) (0,65,48) (0,65,49) (0,65,50) (0,65,51) (0,65,52) (0,65,53) (0,65,54) (0,65,55) (0,65,56) (0,65,57) (0,65,58) (0,65,59) (0,65,60) (0,65,61) (0,65,62) (0,65,63) (0,65,64) (0,65,66) (0,65,67) (0,65,68) (0,65,69) (0,65,71) (0,65,76) (0,65,77) (0,65,78) (0,65,81) (0,65,82) (0,65,84) (0,65,90) (0,65,93) (0,65,94) (0,65,96) (0,65,97) (0,65,99) (0,65,100) (0,66,1) (0,66,2) (0,66,3) (0,66,4) (0,66,5) (0,66,6) (0,66,7) (0,66,8) (0,66,9) (0,66,10) (0,66,11) (0,66,12) (0,66,13) (0,66,14) (0,66,15) (0,66,16) (0,66,17) (0,66,18) (0,66,19) (0,66,20) (0,66,21) (0,66,22) (0,66,23) (0,66,24) (0,66,25) (0,66,26) (0,66,27) (0,66,28) (0,66,29) (0,66,30) (0,66,31) (0,66,32) (0,66,33) (0,66,34) (0,66,35) (0,66,36) (0,66,37) (0,66,38) (0,66,39) (0,66,40) (0,66,41) (0,66,42) (0,66,43) (0,66,44) (0,66,45) (0,66,46) (0,66,47) (0,66,48) (0,66,49) (0,66,50) (0,66,51) (0,66,52) (0,66,53) (0,66,54) (0,66,55) (0,66,56) (0,66,57) (0,66,58) (0,66,59) (0,66,60) (0,66,61) (0,66,62) (0,66,63) (0,66,64) (0,66,65) (0,66,68) (0,66,69) (0,66,70) (0,66,72) (0,66,73) (0,66,74) (0,66,75) (0,66,76) (0,66,77) (0,66,78) (0,66,79) (0,66,80) (0,66,81) (0,66,82) (0,66,83) (0,66,84) (0,66,85) (0,66,86) (0,66,87) (0,66,88) (0,66,89) (0,66,90) (0,66,91) (0,66,92) (0,66,93) (0,66,95) (0,66,97) (0,66,98) (0,66,99) (0,66,100) (0,67,1) (0,67,2) (0,67,3) (0,67,4) (0,67,5) (0,67,6) (0,67,7) (0,67,8) (0,67,9) (0,67,10) (0,67,11) (0,67,12) (0,67,13) (0,67,14) (0,67,15) (0,67,16) (0,67,17) (0,67,18) (0,67,19) (0,67,20) (0,67,21) (0,67,22) (0,67,23) (0,67,24) (0,67,25) (0,67,26) (0,67,27) (0,67,28) (0,67,29) (0,67,30) (0,67,31) (0,67,32) (0,67,33) (0,67,34) (0,67,35) (0,67,36) (0,67,37) (0,67,38) (0,67,39) (0,67,40) (0,67,41) (0,67,42) (0,67,43) (0,67,44) (0,67,45) (0,67,46) (0,67,47) (0,67,48) (0,67,49) (0,67,50) (0,67,51) (0,67,52) (0,67,53) (0,67,54) (0,67,55) (0,67,56) (0,67,57) (0,67,58) (0,67,59) (0,67,60) (0,67,61) (0,67,62) (0,67,63) (0,67,64) (0,67,65) (0,67,66) (0,67,68) (0,67,69) (0,67,70) (0,67,71) (0,67,72) (0,67,73) (0,67,74) (0,67,75) (0,67,76) (0,67,77) (0,67,78) (0,67,79) (0,67,80) (0,67,81) (0,67,82) (0,67,83) (0,67,84) (0,67,85) (0,67,86) (0,67,87) (0,67,88) (0,67,89) (0,67,90) (0,67,91) (0,67,92) (0,67,93) (0,67,94) (0,67,95) (0,67,96) (0,67,97) (0,67,98) (0,67,99) (0,67,100) (0,68,1) (0,68,2) (0,68,3) (0,68,4) (0,68,5) (0,68,6) (0,68,7) (0,68,8) (0,68,9) (0,68,10) (0,68,11) (0,68,12) (0,68,13) (0,68,14) (0,68,15) (0,68,16) (0,68,17) (0,68,18) (0,68,19) (0,68,20) (0,68,21) (0,68,22) (0,68,23) (0,68,24) (0,68,25) (0,68,26) (0,68,27) (0,68,28) (0,68,29) (0,68,30) (0,68,31) (0,68,32) (0,68,33) (0,68,34) (0,68,35) (0,68,36) (0,68,37) (0,68,38) (0,68,39) (0,68,40) (0,68,41) (0,68,42) (0,68,43) (0,68,44) (0,68,45) (0,68,46) (0,68,47) (0,68,48) (0,68,49) (0,68,50) (0,68,51) (0,68,52) (0,68,53) (0,68,54) (0,68,55) (0,68,56) (0,68,57) (0,68,58) (0,68,59) (0,68,60) (0,68,61) (0,68,62) (0,68,63) (0,68,64) (0,68,65) (0,68,66) (0,68,67) (0,68,70) (0,68,71) (0,68,72) (0,68,73) (0,68,74) (0,68,75) (0,68,76) (0,68,77) (0,68,78) (0,68,79) (0,68,80) (0,68,81) (0,68,82) (0,68,83) (0,68,84) (0,68,85) (0,68,86) (0,68,87) (0,68,88) (0,68,89) (0,68,90) (0,68,91) (0,68,92) (0,68,93) (0,68,94) (0,68,95) (0,68,96) (0,68,97) (0,68,98) (0,68,100) (0,69,1) (0,69,2) (0,69,3) (0,69,4) (0,69,5) (0,69,6) (0,69,7) (0,69,8) (0,69,9) (0,69,10) (0,69,11) (0,69,12) (0,69,13) (0,69,14) (0,69,15) (0,69,16) (0,69,17) (0,69,18) (0,69,19) (0,69,20) (0,69,21) (0,69,22) (0,69,23) (0,69,24) (0,69,25) (0,69,26) (0,69,27) (0,69,28) (0,69,29) (0,69,30) (0,69,31) (0,69,32) (0,69,33) (0,69,34) (0,69,35) (0,69,36) (0,69,37) (0,69,38) (0,69,39) (0,69,40) (0,69,41) (0,69,42) (0,69,43) (0,69,44) (0,69,45) (0,69,46) (0,69,47) (0,69,48) (0,69,49) (0,69,50) (0,69,51) (0,69,52) (0,69,53) (0,69,54) (0,69,55) (0,69,56) (0,69,57) (0,69,58) (0,69,59) (0,69,60) (0,69,61) (0,69,62) (0,69,63) (0,69,64) (0,69,65) (0,69,66) (0,69,67) (0,69,68) (0,69,70) (0,69,71) (0,69,72) (0,69,73) (0,69,74) (0,69,75) (0,69,76) (0,69,77) (0,69,78) (0,69,79) (0,69,80) (0,69,81) (0,69,82) (0,69,83) (0,69,84) (0,69,85) (0,69,86) (0,69,87) (0,69,88) (0,69,89) (0,69,90) (0,69,91) (0,69,92) (0,69,93) (0,69,94) (0,69,95) (0,69,96) (0,69,97) (0,69,98) (0,69,100) (0,70,1) (0,70,2) (0,70,3) (0,70,4) (0,70,5) (0,70,6) (0,70,7) (0,70,8) (0,70,9) (0,70,10) (0,70,11) (0,70,12) (0,70,13) (0,70,14) (0,70,15) (0,70,16) (0,70,17) (0,70,18) (0,70,19) (0,70,20) (0,70,21) (0,70,22) (0,70,23) (0,70,24) (0,70,25) (0,70,26) (0,70,27) (0,70,28) (0,70,29) (0,70,30) (0,70,31) (0,70,32) (0,70,33) (0,70,34) (0,70,35) (0,70,36) (0,70,37) (0,70,38) (0,70,39) (0,70,40) (0,70,41) (0,70,42) (0,70,43) (0,70,44) (0,70,45) (0,70,46) (0,70,47) (0,70,48) (0,70,49) (0,70,50) (0,70,51) (0,70,52) (0,70,53) (0,70,54) (0,70,55) (0,70,56) (0,70,57) (0,70,58) (0,70,59) (0,70,60) (0,70,61) (0,70,62) (0,70,63) (0,70,64) (0,70,65) (0,70,66) (0,70,67) (0,70,68) (0,70,69) (0,70,71) (0,70,76) (0,70,77) (0,70,78) (0,70,81) (0,70,82) (0,70,84) (0,70,90) (0,70,93) (0,70,94) (0,70,96) (0,70,97) (0,70,99) (0,70,100) (0,71,1) (0,71,2) (0,71,3) (0,71,4) (0,71,5) (0,71,6) (0,71,7) (0,71,8) (0,71,9) (0,71,10) (0,71,11) (0,71,12) (0,71,13) (0,71,14) (0,71,15) (0,71,16) (0,71,17) (0,71,18) (0,71,19) (0,71,20) (0,71,21) (0,71,22) (0,71,23) (0,71,24) (0,71,25) (0,71,26) (0,71,27) (0,71,28) (0,71,29) (0,71,30) (0,71,31) (0,71,32) (0,71,33) (0,71,34) (0,71,35) (0,71,36) (0,71,37) (0,71,38) (0,71,39) (0,71,40) (0,71,41) (0,71,42) (0,71,43) (0,71,44) (0,71,45) (0,71,46) (0,71,47) (0,71,48) (0,71,49) (0,71,50) (0,71,51) (0,71,52) (0,71,53) (0,71,54) (0,71,55) (0,71,56) (0,71,57) (0,71,58) (0,71,59) (0,71,60) (0,71,61) (0,71,62) (0,71,63) (0,71,64) (0,71,65) (0,71,66) (0,71,67) (0,71,68) (0,71,69) (0,71,70) (0,71,72) (0,71,73) (0,71,74) (0,71,75) (0,71,76) (0,71,77) (0,71,78) (0,71,79) (0,71,80) (0,71,81) (0,71,82) (0,71,83) (0,71,84) (0,71,85) (0,71,86) (0,71,87) (0,71,88) (0,71,89) (0,71,90) (0,71,91) (0,71,92) (0,71,93) (0,71,95) (0,71,97) (0,71,98) (0,71,99) (0,71,100) (0,72,1) (0,72,2) (0,72,3) (0,72,4) (0,72,5) (0,72,6) (0,72,7) (0,72,8) (0,72,9) (0,72,10) (0,72,11) (0,72,12) (0,72,13) (0,72,14) (0,72,15) (0,72,16) (0,72,17) (0,72,18) (0,72,19) (0,72,20) (0,72,21) (0,72,22) (0,72,23) (0,72,24) (0,72,25) (0,72,26) (0,72,27) (0,72,28) (0,72,29) (0,72,30) (0,72,31) (0,72,32) (0,72,33) (0,72,34) (0,72,35) (0,72,36) (0,72,37) (0,72,38) (0,72,39) (0,72,40) (0,72,41) (0,72,42) (0,72,43) (0,72,44) (0,72,45) (0,72,46) (0,72,47) (0,72,48) (0,72,49) (0,72,50) (0,72,51) (0,72,52) (0,72,53) (0,72,54) (0,72,55) (0,72,56) (0,72,57) (0,72,58) (0,72,59) (0,72,60) (0,72,61) (0,72,62) (0,72,63) (0,72,64) (0,72,65) (0,72,66) (0,72,67) (0,72,68) (0,72,69) (0,72,70) (0,72,71) (0,72,76) (0,72,77) (0,72,78) (0,72,81) (0,72,82) (0,72,84) (0,72,90) (0,72,93) (0,72,94) (0,72,96) (0,72,97) (0,72,99) (0,72,100) (0,73,1) (0,73,2) (0,73,3) (0,73,4) (0,73,5) (0,73,6) (0,73,7) (0,73,8) (0,73,9) (0,73,10) (0,73,11) (0,73,12) (0,73,13) (0,73,14) (0,73,15) (0,73,16) (0,73,17) (0,73,18) (0,73,19) (0,73,20) (0,73,21) (0,73,22) (0,73,23) (0,73,24) (0,73,25) (0,73,26) (0,73,27) (0,73,28) (0,73,29) (0,73,30) (0,73,31) (0,73,32) (0,73,33) (0,73,34) (0,73,35) (0,73,36) (0,73,37) (0,73,38) (0,73,39) (0,73,40) (0,73,41) (0,73,42) (0,73,43) (0,73,44) (0,73,45) (0,73,46) (0,73,47) (0,73,48) (0,73,49) (0,73,50) (0,73,51) (0,73,52) (0,73,53) (0,73,54) (0,73,55) (0,73,56) (0,73,57) (0,73,58) (0,73,59) (0,73,60) (0,73,61) (0,73,62) (0,73,63) (0,73,64) (0,73,65) (0,73,66) (0,73,67) (0,73,68) (0,73,69) (0,73,70) (0,73,71) (0,73,72) (0,73,76) (0,73,77) (0,73,78) (0,73,81) (0,73,82) (0,73,84) (0,73,90) (0,73,93) (0,73,94) (0,73,96) (0,73,97) (0,73,99) (0,73,100) (0,74,1) (0,74,2) (0,74,3) (0,74,4) (0,74,5) (0,74,6) (0,74,7) (0,74,8) (0,74,9) (0,74,10) (0,74,11) (0,74,12) (0,74,13) (0,74,14) (0,74,15) (0,74,16) (0,74,17) (0,74,18) (0,74,19) (0,74,20) (0,74,21) (0,74,22) (0,74,23) (0,74,24) (0,74,25) (0,74,26) (0,74,27) (0,74,28) (0,74,29) (0,74,30) (0,74,31) (0,74,32) (0,74,33) (0,74,34) (0,74,35) (0,74,36) (0,74,37) (0,74,38) (0,74,39) (0,74,40) (0,74,41) (0,74,42) (0,74,43) (0,74,44) (0,74,45) (0,74,46) (0,74,47) (0,74,48) (0,74,49) (0,74,50) (0,74,51) (0,74,52) (0,74,53) (0,74,54) (0,74,55) (0,74,56) (0,74,57) (0,74,58) (0,74,59) (0,74,60) (0,74,61) (0,74,62) (0,74,63) (0,74,64) (0,74,65) (0,74,66) (0,74,67) (0,74,68) (0,74,69) (0,74,70) (0,74,71) (0,74,72) (0,74,73) (0,74,76) (0,74,77) (0,74,78) (0,74,81) (0,74,82) (0,74,84) (0,74,90) (0,74,93) (0,74,94) (0,74,96) (0,74,97) (0,74,99) (0,74,100) (0,75,1) (0,75,2) (0,75,3) (0,75,4) (0,75,5) (0,75,6) (0,75,7) (0,75,8) (0,75,9) (0,75,10) (0,75,11) (0,75,12) (0,75,13) (0,75,14) (0,75,15) (0,75,16) (0,75,17) (0,75,18) (0,75,19) (0,75,20) (0,75,21) (0,75,22) (0,75,23) (0,75,24) (0,75,25) (0,75,26) (0,75,27) (0,75,28) (0,75,29) (0,75,30) (0,75,31) (0,75,32) (0,75,33) (0,75,34) (0,75,35) (0,75,36) (0,75,37) (0,75,38) (0,75,39) (0,75,40) (0,75,41) (0,75,42) (0,75,43) (0,75,44) (0,75,45) (0,75,46) (0,75,47) (0,75,48) (0,75,49) (0,75,50) (0,75,51) (0,75,52) (0,75,53) (0,75,54) (0,75,55) (0,75,56) (0,75,57) (0,75,58) (0,75,59) (0,75,60) (0,75,61) (0,75,62) (0,75,63) (0,75,64) (0,75,65) (0,75,66) (0,75,67) (0,75,68) (0,75,69) (0,75,70) (0,75,71) (0,75,72) (0,75,73) (0,75,74) (0,75,76) (0,75,77) (0,75,78) (0,75,81) (0,75,82) (0,75,84) (0,75,90) (0,75,91) (0,75,93) (0,75,94) (0,75,96) (0,75,97) (0,75,99) (0,75,100) (0,76,1) (0,76,2) (0,76,3) (0,76,4) (0,76,5) (0,76,6) (0,76,7) (0,76,8) (0,76,9) (0,76,10) (0,76,11) (0,76,12) (0,76,13) (0,76,14) (0,76,15) (0,76,16) (0,76,17) (0,76,18) (0,76,19) (0,76,20) (0,76,21) (0,76,22) (0,76,23) (0,76,24) (0,76,25) (0,76,26) (0,76,27) (0,76,28) (0,76,29) (0,76,30) (0,76,31) (0,76,32) (0,76,33) (0,76,34) (0,76,35) (0,76,36) (0,76,37) (0,76,38) (0,76,39) (0,76,40) (0,76,41) (0,76,42) (0,76,43) (0,76,44) (0,76,45) (0,76,46) (0,76,47) (0,76,48) (0,76,49) (0,76,50) (0,76,51) (0,76,52) (0,76,53) (0,76,54) (0,76,55) (0,76,56) (0,76,57) (0,76,58) (0,76,59) (0,76,60) (0,76,61) (0,76,62) (0,76,63) (0,76,64) (0,76,65) (0,76,66) (0,76,67) (0,76,68) (0,76,69) (0,76,70) (0,76,71) (0,76,72) (0,76,73) (0,76,74) (0,76,75) (0,76,77) (0,76,78) (0,76,79) (0,76,80) (0,76,81) (0,76,82) (0,76,83) (0,76,84) (0,76,85) (0,76,86) (0,76,87) (0,76,88) (0,76,89) (0,76,90) (0,76,91) (0,76,92) (0,76,94) (0,76,95) (0,76,96) (0,76,97) (0,76,98) (0,76,99) (0,76,100) (0,77,1) (0,77,2) (0,77,3) (0,77,4) (0,77,5) (0,77,6) (0,77,7) (0,77,8) (0,77,9) (0,77,10) (0,77,11) (0,77,12) (0,77,13) (0,77,14) (0,77,15) (0,77,16) (0,77,17) (0,77,18) (0,77,19) (0,77,20) (0,77,21) (0,77,22) (0,77,23) (0,77,24) (0,77,25) (0,77,26) (0,77,27) (0,77,28) (0,77,29) (0,77,30) (0,77,31) (0,77,32) (0,77,33) (0,77,34) (0,77,35) (0,77,36) (0,77,37) (0,77,38) (0,77,39) (0,77,40) (0,77,41) (0,77,42) (0,77,43) (0,77,44) (0,77,45) (0,77,46) (0,77,47) (0,77,48) (0,77,49) (0,77,50) (0,77,51) (0,77,52) (0,77,53) (0,77,54) (0,77,55) (0,77,56) (0,77,57) (0,77,58) (0,77,59) (0,77,60) (0,77,61) (0,77,62) (0,77,63) (0,77,64) (0,77,65) (0,77,66) (0,77,67) (0,77,68) (0,77,69) (0,77,70) (0,77,71) (0,77,72) (0,77,73) (0,77,74) (0,77,75) (0,77,76) (0,77,78) (0,77,79) (0,77,80) (0,77,81) (0,77,82) (0,77,83) (0,77,84) (0,77,85) (0,77,86) (0,77,87) (0,77,88) (0,77,89) (0,77,91) (0,77,92) (0,77,93) (0,77,94) (0,77,95) (0,77,96) (0,77,98) (0,77,99) (0,77,100) (0,78,1) (0,78,2) (0,78,3) (0,78,4) (0,78,5) (0,78,6) (0,78,7) (0,78,8) (0,78,9) (0,78,10) (0,78,11) (0,78,12) (0,78,13) (0,78,14) (0,78,15) (0,78,16) (0,78,17) (0,78,18) (0,78,19) (0,78,20) (0,78,21) (0,78,22) (0,78,23) (0,78,24) (0,78,25) (0,78,26) (0,78,27) (0,78,28) (0,78,29) (0,78,30) (0,78,31) (0,78,32) (0,78,33) (0,78,34) (0,78,35) (0,78,36) (0,78,37) (0,78,38) (0,78,39) (0,78,40) (0,78,41) (0,78,42) (0,78,43) (0,78,44) (0,78,45) (0,78,46) (0,78,47) (0,78,48) (0,78,49) (0,78,50) (0,78,51) (0,78,52) (0,78,53) (0,78,54) (0,78,55) (0,78,56) (0,78,57) (0,78,58) (0,78,59) (0,78,60) (0,78,61) (0,78,62) (0,78,63) (0,78,64) (0,78,65) (0,78,66) (0,78,67) (0,78,68) (0,78,69) (0,78,70) (0,78,71) (0,78,72) (0,78,73) (0,78,74) (0,78,75) (0,78,76) (0,78,77) (0,78,79) (0,78,80) (0,78,81) (0,78,82) (0,78,83) (0,78,84) (0,78,85) (0,78,86) (0,78,87) (0,78,88) (0,78,89) (0,78,90) (0,78,91) (0,78,92) (0,78,93) (0,78,94) (0,78,95) (0,78,96) (0,78,97) (0,78,98) (0,78,99) (0,78,100) (0,79,1) (0,79,2) (0,79,3) (0,79,4) (0,79,5) (0,79,6) (0,79,7) (0,79,8) (0,79,9) (0,79,10) (0,79,11) (0,79,12) (0,79,13) (0,79,14) (0,79,15) (0,79,16) (0,79,17) (0,79,18) (0,79,19) (0,79,20) (0,79,21) (0,79,22) (0,79,23) (0,79,24) (0,79,25) (0,79,26) (0,79,27) (0,79,28) (0,79,29) (0,79,30) (0,79,31) (0,79,32) (0,79,33) (0,79,34) (0,79,35) (0,79,36) (0,79,37) (0,79,38) (0,79,39) (0,79,40) (0,79,41) (0,79,42) (0,79,43) (0,79,44) (0,79,45) (0,79,46) (0,79,47) (0,79,48) (0,79,49) (0,79,50) (0,79,51) (0,79,52) (0,79,53) (0,79,54) (0,79,55) (0,79,56) (0,79,57) (0,79,58) (0,79,59) (0,79,60) (0,79,61) (0,79,62) (0,79,63) (0,79,64) (0,79,65) (0,79,66) (0,79,67) (0,79,68) (0,79,69) (0,79,70) (0,79,71) (0,79,72) (0,79,73) (0,79,74) (0,79,75) (0,79,76) (0,79,77) (0,79,78) (0,79,81) (0,79,82) (0,79,84) (0,79,90) (0,79,91) (0,79,93) (0,79,94) (0,79,96) (0,79,97) (0,79,99) (0,79,100) (0,80,1) (0,80,2) (0,80,3) (0,80,4) (0,80,5) (0,80,6) (0,80,7) (0,80,8) (0,80,9) (0,80,10) (0,80,11) (0,80,12) (0,80,13) (0,80,14) (0,80,15) (0,80,16) (0,80,17) (0,80,18) (0,80,19) (0,80,20) (0,80,21) (0,80,22) (0,80,23) (0,80,24) (0,80,25) (0,80,26) (0,80,27) (0,80,28) (0,80,29) (0,80,30) (0,80,31) (0,80,32) (0,80,33) (0,80,34) (0,80,35) (0,80,36) (0,80,37) (0,80,38) (0,80,39) (0,80,40) (0,80,41) (0,80,42) (0,80,43) (0,80,44) (0,80,45) (0,80,46) (0,80,47) (0,80,48) (0,80,49) (0,80,50) (0,80,51) (0,80,52) (0,80,53) (0,80,54) (0,80,55) (0,80,56) (0,80,57) (0,80,58) (0,80,59) (0,80,60) (0,80,61) (0,80,62) (0,80,63) (0,80,64) (0,80,65) (0,80,66) (0,80,67) (0,80,68) (0,80,69) (0,80,70) (0,80,71) (0,80,72) (0,80,73) (0,80,74) (0,80,75) (0,80,76) (0,80,77) (0,80,78) (0,80,79) (0,80,81) (0,80,82) (0,80,83) (0,80,84) (0,80,85) (0,80,88) (0,80,89) (0,80,90) (0,80,91) (0,80,93) (0,80,94) (0,80,96) (0,80,97) (0,80,99) (0,80,100) (0,81,1) (0,81,2) (0,81,3) (0,81,4) (0,81,5) (0,81,6) (0,81,7) (0,81,8) (0,81,9) (0,81,10) (0,81,11) (0,81,12) (0,81,13) (0,81,14) (0,81,15) (0,81,16) (0,81,17) (0,81,18) (0,81,19) (0,81,20) (0,81,21) (0,81,22) (0,81,23) (0,81,24) (0,81,25) (0,81,26) (0,81,27) (0,81,28) (0,81,29) (0,81,30) (0,81,31) (0,81,32) (0,81,33) (0,81,34) (0,81,35) (0,81,36) (0,81,37) (0,81,38) (0,81,39) (0,81,40) (0,81,41) (0,81,42) (0,81,43) (0,81,44) (0,81,45) (0,81,46) (0,81,47) (0,81,48) (0,81,49) (0,81,50) (0,81,51) (0,81,52) (0,81,53) (0,81,54) (0,81,55) (0,81,56) (0,81,57) (0,81,58) (0,81,59) (0,81,60) (0,81,61) (0,81,62) (0,81,63) (0,81,64) (0,81,65) (0,81,66) (0,81,67) (0,81,68) (0,81,69) (0,81,70) (0,81,71) (0,81,72) (0,81,73) (0,81,74) (0,81,75) (0,81,76) (0,81,77) (0,81,78) (0,81,79) (0,81,80) (0,81,82) (0,81,83) (0,81,85) (0,81,86) (0,81,87) (0,81,88) (0,81,89) (0,81,90) (0,81,91) (0,81,92) (0,81,93) (0,81,94) (0,81,95) (0,81,96) (0,81,97) (0,81,98) (0,81,99) (0,82,1) (0,82,2) (0,82,3) (0,82,4) (0,82,5) (0,82,6) (0,82,7) (0,82,8) (0,82,9) (0,82,10) (0,82,11) (0,82,12) (0,82,13) (0,82,14) (0,82,15) (0,82,16) (0,82,17) (0,82,18) (0,82,19) (0,82,20) (0,82,21) (0,82,22) (0,82,23) (0,82,24) (0,82,25) (0,82,26) (0,82,27) (0,82,28) (0,82,29) (0,82,30) (0,82,31) (0,82,32) (0,82,33) (0,82,34) (0,82,35) (0,82,36) (0,82,37) (0,82,38) (0,82,39) (0,82,40) (0,82,41) (0,82,42) (0,82,43) (0,82,44) (0,82,45) (0,82,46) (0,82,47) (0,82,48) (0,82,49) (0,82,50) (0,82,51) (0,82,52) (0,82,53) (0,82,54) (0,82,55) (0,82,56) (0,82,57) (0,82,58) (0,82,59) (0,82,60) (0,82,61) (0,82,62) (0,82,63) (0,82,64) (0,82,65) (0,82,66) (0,82,67) (0,82,68) (0,82,69) (0,82,70) (0,82,71) (0,82,72) (0,82,73) (0,82,74) (0,82,75) (0,82,76) (0,82,77) (0,82,78) (0,82,79) (0,82,80) (0,82,81) (0,82,83) (0,82,84) (0,82,85) (0,82,86) (0,82,87) (0,82,88) (0,82,89) (0,82,90) (0,82,91) (0,82,92) (0,82,93) (0,82,94) (0,82,95) (0,82,96) (0,82,97) (0,82,98) (0,82,99) (0,82,100) (0,83,1) (0,83,2) (0,83,3) (0,83,4) (0,83,5) (0,83,6) (0,83,7) (0,83,8) (0,83,9) (0,83,10) (0,83,11) (0,83,12) (0,83,13) (0,83,14) (0,83,15) (0,83,16) (0,83,17) (0,83,18) (0,83,19) (0,83,20) (0,83,21) (0,83,22) (0,83,23) (0,83,24) (0,83,25) (0,83,26) (0,83,27) (0,83,28) (0,83,29) (0,83,30) (0,83,31) (0,83,32) (0,83,33) (0,83,34) (0,83,35) (0,83,36) (0,83,37) (0,83,38) (0,83,39) (0,83,40) (0,83,41) (0,83,42) (0,83,43) (0,83,44) (0,83,45) (0,83,46) (0,83,47) (0,83,48) (0,83,49) (0,83,50) (0,83,51) (0,83,52) (0,83,53) (0,83,54) (0,83,55) (0,83,56) (0,83,57) (0,83,58) (0,83,59) (0,83,60) (0,83,61) (0,83,62) (0,83,63) (0,83,64) (0,83,65) (0,83,66) (0,83,67) (0,83,68) (0,83,69) (0,83,70) (0,83,71) (0,83,72) (0,83,73) (0,83,74) (0,83,75) (0,83,76) (0,83,77) (0,83,78) (0,83,79) (0,83,80) (0,83,81) (0,83,82) (0,83,84) (0,83,86) (0,83,87) (0,83,90) (0,83,91) (0,83,92) (0,83,93) (0,83,94) (0,83,95) (0,83,96) (0,83,97) (0,83,98) (0,83,99) (0,83,100) (0,84,1) (0,84,2) (0,84,3) (0,84,4) (0,84,5) (0,84,6) (0,84,7) (0,84,8) (0,84,9) (0,84,10) (0,84,11) (0,84,12) (0,84,13) (0,84,14) (0,84,15) (0,84,16) (0,84,17) (0,84,18) (0,84,19) (0,84,20) (0,84,21) (0,84,22) (0,84,23) (0,84,24) (0,84,25) (0,84,26) (0,84,27) (0,84,28) (0,84,29) (0,84,30) (0,84,31) (0,84,32) (0,84,33) (0,84,34) (0,84,35) (0,84,36) (0,84,37) (0,84,38) (0,84,39) (0,84,40) (0,84,41) (0,84,42) (0,84,43) (0,84,44) (0,84,45) (0,84,46) (0,84,47) (0,84,48) (0,84,49) (0,84,50) (0,84,51) (0,84,52) (0,84,53) (0,84,54) (0,84,55) (0,84,56) (0,84,57) (0,84,58) (0,84,59) (0,84,60) (0,84,61) (0,84,62) (0,84,63) (0,84,64) (0,84,65) (0,84,66) (0,84,67) (0,84,68) (0,84,69) (0,84,70) (0,84,71) (0,84,72) (0,84,73) (0,84,74) (0,84,75) (0,84,76) (0,84,77) (0,84,78) (0,84,79) (0,84,80) (0,84,81) (0,84,82) (0,84,83) (0,84,85) (0,84,86) (0,84,87) (0,84,88) (0,84,89) (0,84,90) (0,84,91) (0,84,92) (0,84,93) (0,84,94) (0,84,95) (0,84,96) (0,84,97) (0,84,98) (0,84,99) (0,84,100) (0,85,1) (0,85,2) (0,85,3) (0,85,4) (0,85,5) (0,85,6) (0,85,7) (0,85,8) (0,85,9) (0,85,10) (0,85,11) (0,85,12) (0,85,13) (0,85,14) (0,85,15) (0,85,16) (0,85,17) (0,85,18) (0,85,19) (0,85,20) (0,85,21) (0,85,22) (0,85,23) (0,85,24) (0,85,25) (0,85,26) (0,85,27) (0,85,28) (0,85,29) (0,85,30) (0,85,31) (0,85,32) (0,85,33) (0,85,34) (0,85,35) (0,85,36) (0,85,37) (0,85,38) (0,85,39) (0,85,40) (0,85,41) (0,85,42) (0,85,43) (0,85,44) (0,85,45) (0,85,46) (0,85,47) (0,85,48) (0,85,49) (0,85,50) (0,85,51) (0,85,52) (0,85,53) (0,85,54) (0,85,55) (0,85,56) (0,85,57) (0,85,58) (0,85,59) (0,85,60) (0,85,61) (0,85,62) (0,85,63) (0,85,64) (0,85,65) (0,85,66) (0,85,67) (0,85,68) (0,85,69) (0,85,70) (0,85,71) (0,85,72) (0,85,73) (0,85,74) (0,85,75) (0,85,76) (0,85,77) (0,85,78) (0,85,79) (0,85,80) (0,85,81) (0,85,82) (0,85,83) (0,85,84) (0,85,86) (0,85,87) (0,85,90) (0,85,91) (0,85,92) (0,85,93) (0,85,94) (0,85,95) (0,85,96) (0,85,97) (0,85,98) (0,85,99) (0,85,100) (0,86,1) (0,86,2) (0,86,3) (0,86,4) (0,86,5) (0,86,6) (0,86,7) (0,86,8) (0,86,9) (0,86,10) (0,86,11) (0,86,12) (0,86,13) (0,86,14) (0,86,15) (0,86,16) (0,86,17) (0,86,18) (0,86,19) (0,86,20) (0,86,21) (0,86,22) (0,86,23) (0,86,24) (0,86,25) (0,86,26) (0,86,27) (0,86,28) (0,86,29) (0,86,30) (0,86,31) (0,86,32) (0,86,33) (0,86,34) (0,86,35) (0,86,36) (0,86,37) (0,86,38) (0,86,39) (0,86,40) (0,86,41) (0,86,42) (0,86,43) (0,86,44) (0,86,45) (0,86,46) (0,86,47) (0,86,48) (0,86,49) (0,86,50) (0,86,51) (0,86,52) (0,86,53) (0,86,54) (0,86,55) (0,86,56) (0,86,57) (0,86,58) (0,86,59) (0,86,60) (0,86,61) (0,86,62) (0,86,63) (0,86,64) (0,86,65) (0,86,66) (0,86,67) (0,86,68) (0,86,69) (0,86,70) (0,86,71) (0,86,72) (0,86,73) (0,86,74) (0,86,75) (0,86,76) (0,86,77) (0,86,78) (0,86,79) (0,86,80) (0,86,81) (0,86,82) (0,86,83) (0,86,84) (0,86,85) (0,86,88) (0,86,89) (0,86,90) (0,86,91) (0,86,93) (0,86,94) (0,86,96) (0,86,97) (0,86,99) (0,86,100) (0,87,1) (0,87,2) (0,87,3) (0,87,4) (0,87,5) (0,87,6) (0,87,7) (0,87,8) (0,87,9) (0,87,10) (0,87,11) (0,87,12) (0,87,13) (0,87,14) (0,87,15) (0,87,16) (0,87,17) (0,87,18) (0,87,19) (0,87,20) (0,87,21) (0,87,22) (0,87,23) (0,87,24) (0,87,25) (0,87,26) (0,87,27) (0,87,28) (0,87,29) (0,87,30) (0,87,31) (0,87,32) (0,87,33) (0,87,34) (0,87,35) (0,87,36) (0,87,37) (0,87,38) (0,87,39) (0,87,40) (0,87,41) (0,87,42) (0,87,43) (0,87,44) (0,87,45) (0,87,46) (0,87,47) (0,87,48) (0,87,49) (0,87,50) (0,87,51) (0,87,52) (0,87,53) (0,87,54) (0,87,55) (0,87,56) (0,87,57) (0,87,58) (0,87,59) (0,87,60) (0,87,61) (0,87,62) (0,87,63) (0,87,64) (0,87,65) (0,87,66) (0,87,67) (0,87,68) (0,87,69) (0,87,70) (0,87,71) (0,87,72) (0,87,73) (0,87,74) (0,87,75) (0,87,76) (0,87,77) (0,87,78) (0,87,79) (0,87,80) (0,87,81) (0,87,82) (0,87,83) (0,87,84) (0,87,85) (0,87,86) (0,87,88) (0,87,89) (0,87,90) (0,87,91) (0,87,93) (0,87,94) (0,87,96) (0,87,97) (0,87,99) (0,87,100) (0,88,1) (0,88,2) (0,88,3) (0,88,4) (0,88,5) (0,88,6) (0,88,7) (0,88,8) (0,88,9) (0,88,10) (0,88,11) (0,88,12) (0,88,13) (0,88,14) (0,88,15) (0,88,16) (0,88,17) (0,88,18) (0,88,19) (0,88,20) (0,88,21) (0,88,22) (0,88,23) (0,88,24) (0,88,25) (0,88,26) (0,88,27) (0,88,28) (0,88,29) (0,88,30) (0,88,31) (0,88,32) (0,88,33) (0,88,34) (0,88,35) (0,88,36) (0,88,37) (0,88,38) (0,88,39) (0,88,40) (0,88,41) (0,88,42) (0,88,43) (0,88,44) (0,88,45) (0,88,46) (0,88,47) (0,88,48) (0,88,49) (0,88,50) (0,88,51) (0,88,52) (0,88,53) (0,88,54) (0,88,55) (0,88,56) (0,88,57) (0,88,58) (0,88,59) (0,88,60) (0,88,61) (0,88,62) (0,88,63) (0,88,64) (0,88,65) (0,88,66) (0,88,67) (0,88,68) (0,88,69) (0,88,70) (0,88,71) (0,88,72) (0,88,73) (0,88,74) (0,88,75) (0,88,76) (0,88,77) (0,88,78) (0,88,79) (0,88,80) (0,88,81) (0,88,82) (0,88,83) (0,88,84) (0,88,85) (0,88,86) (0,88,87) (0,88,90) (0,88,91) (0,88,92) (0,88,93) (0,88,94) (0,88,95) (0,88,96) (0,88,97) (0,88,98) (0,88,99) (0,88,100) (0,89,1) (0,89,2) (0,89,3) (0,89,4) (0,89,5) (0,89,6) (0,89,7) (0,89,8) (0,89,9) (0,89,10) (0,89,11) (0,89,12) (0,89,13) (0,89,14) (0,89,15) (0,89,16) (0,89,17) (0,89,18) (0,89,19) (0,89,20) (0,89,21) (0,89,22) (0,89,23) (0,89,24) (0,89,25) (0,89,26) (0,89,27) (0,89,28) (0,89,29) (0,89,30) (0,89,31) (0,89,32) (0,89,33) (0,89,34) (0,89,35) (0,89,36) (0,89,37) (0,89,38) (0,89,39) (0,89,40) (0,89,41) (0,89,42) (0,89,43) (0,89,44) (0,89,45) (0,89,46) (0,89,47) (0,89,48) (0,89,49) (0,89,50) (0,89,51) (0,89,52) (0,89,53) (0,89,54) (0,89,55) (0,89,56) (0,89,57) (0,89,58) (0,89,59) (0,89,60) (0,89,61) (0,89,62) (0,89,63) (0,89,64) (0,89,65) (0,89,66) (0,89,67) (0,89,68) (0,89,69) (0,89,70) (0,89,71) (0,89,72) (0,89,73) (0,89,74) (0,89,75) (0,89,76) (0,89,77) (0,89,78) (0,89,79) (0,89,80) (0,89,81) (0,89,82) (0,89,83) (0,89,84) (0,89,85) (0,89,86) (0,89,87) (0,89,88) (0,89,90) (0,89,91) (0,89,92) (0,89,93) (0,89,94) (0,89,95) (0,89,96) (0,89,97) (0,89,98) (0,89,99) (0,89,100) (0,90,1) (0,90,2) (0,90,3) (0,90,4) (0,90,5) (0,90,6) (0,90,7) (0,90,8) (0,90,9) (0,90,10) (0,90,11) (0,90,12) (0,90,13) (0,90,14) (0,90,15) (0,90,16) (0,90,17) (0,90,18) (0,90,19) (0,90,20) (0,90,21) (0,90,22) (0,90,23) (0,90,24) (0,90,25) (0,90,26) (0,90,27) (0,90,28) (0,90,29) (0,90,30) (0,90,31) (0,90,32) (0,90,33) (0,90,34) (0,90,35) (0,90,36) (0,90,37) (0,90,38) (0,90,39) (0,90,40) (0,90,41) (0,90,42) (0,90,43) (0,90,44) (0,90,45) (0,90,46) (0,90,47) (0,90,48) (0,90,49) (0,90,50) (0,90,51) (0,90,52) (0,90,53) (0,90,54) (0,90,55) (0,90,56) (0,90,57) (0,90,58) (0,90,59) (0,90,60) (0,90,61) (0,90,62) (0,90,63) (0,90,64) (0,90,65) (0,90,66) (0,90,67) (0,90,68) (0,90,69) (0,90,70) (0,90,71) (0,90,72) (0,90,73) (0,90,74) (0,90,75) (0,90,76) (0,90,77) (0,90,78) (0,90,79) (0,90,80) (0,90,81) (0,90,82) (0,90,83) (0,90,84) (0,90,85) (0,90,86) (0,90,87) (0,90,88) (0,90,89) (0,90,91) (0,90,92) (0,90,93) (0,90,94) (0,90,95) (0,90,96) (0,90,97) (0,90,98) (0,90,99) (0,90,100) (0,91,1) (0,91,2) (0,91,3) (0,91,4) (0,91,5) (0,91,6) (0,91,7) (0,91,8) (0,91,9) (0,91,10) (0,91,11) (0,91,12) (0,91,13) (0,91,14) (0,91,15) (0,91,16) (0,91,17) (0,91,18) (0,91,19) (0,91,20) (0,91,21) (0,91,22) (0,91,23) (0,91,24) (0,91,25) (0,91,26) (0,91,27) (0,91,28) (0,91,29) (0,91,30) (0,91,31) (0,91,32) (0,91,33) (0,91,34) (0,91,35) (0,91,36) (0,91,37) (0,91,38) (0,91,39) (0,91,40) (0,91,41) (0,91,42) (0,91,43) (0,91,44) (0,91,45) (0,91,46) (0,91,47) (0,91,48) (0,91,49) (0,91,50) (0,91,51) (0,91,52) (0,91,53) (0,91,54) (0,91,55) (0,91,56) (0,91,57) (0,91,58) (0,91,59) (0,91,60) (0,91,61) (0,91,62) (0,91,63) (0,91,64) (0,91,65) (0,91,66) (0,91,67) (0,91,68) (0,91,69) (0,91,70) (0,91,71) (0,91,72) (0,91,73) (0,91,74) (0,91,75) (0,91,76) (0,91,77) (0,91,78) (0,91,79) (0,91,80) (0,91,81) (0,91,82) (0,91,83) (0,91,84) (0,91,85) (0,91,86) (0,91,87) (0,91,88) (0,91,89) (0,91,90) (0,91,92) (0,91,93) (0,91,94) (0,91,95) (0,91,96) (0,91,97) (0,91,98) (0,91,99) (0,91,100) (0,92,1) (0,92,2) (0,92,3) (0,92,4) (0,92,5) (0,92,6) (0,92,7) (0,92,8) (0,92,9) (0,92,10) (0,92,11) (0,92,12) (0,92,13) (0,92,14) (0,92,15) (0,92,16) (0,92,17) (0,92,18) (0,92,19) (0,92,20) (0,92,21) (0,92,22) (0,92,23) (0,92,24) (0,92,25) (0,92,26) (0,92,27) (0,92,28) (0,92,29) (0,92,30) (0,92,31) (0,92,32) (0,92,33) (0,92,34) (0,92,35) (0,92,36) (0,92,37) (0,92,38) (0,92,39) (0,92,40) (0,92,41) (0,92,42) (0,92,43) (0,92,44) (0,92,45) (0,92,46) (0,92,47) (0,92,48) (0,92,49) (0,92,50) (0,92,51) (0,92,52) (0,92,53) (0,92,54) (0,92,55) (0,92,56) (0,92,57) (0,92,58) (0,92,59) (0,92,60) (0,92,61) (0,92,62) (0,92,63) (0,92,64) (0,92,65) (0,92,66) (0,92,67) (0,92,68) (0,92,69) (0,92,70) (0,92,71) (0,92,72) (0,92,73) (0,92,74) (0,92,75) (0,92,76) (0,92,77) (0,92,78) (0,92,79) (0,92,80) (0,92,81) (0,92,82) (0,92,83) (0,92,84) (0,92,85) (0,92,86) (0,92,87) (0,92,88) (0,92,89) (0,92,90) (0,92,91) (0,92,93) (0,92,94) (0,92,96) (0,92,97) (0,92,98) (0,92,99) (0,92,100) (0,93,1) (0,93,2) (0,93,3) (0,93,4) (0,93,5) (0,93,6) (0,93,7) (0,93,8) (0,93,9) (0,93,10) (0,93,11) (0,93,12) (0,93,13) (0,93,14) (0,93,15) (0,93,16) (0,93,17) (0,93,18) (0,93,19) (0,93,20) (0,93,21) (0,93,22) (0,93,23) (0,93,24) (0,93,25) (0,93,26) (0,93,27) (0,93,28) (0,93,29) (0,93,30) (0,93,31) (0,93,32) (0,93,33) (0,93,34) (0,93,35) (0,93,36) (0,93,37) (0,93,38) (0,93,39) (0,93,40) (0,93,41) (0,93,42) (0,93,43) (0,93,44) (0,93,45) (0,93,46) (0,93,47) (0,93,48) (0,93,49) (0,93,50) (0,93,51) (0,93,52) (0,93,53) (0,93,54) (0,93,55) (0,93,56) (0,93,57) (0,93,58) (0,93,59) (0,93,60) (0,93,61) (0,93,62) (0,93,63) (0,93,64) (0,93,65) (0,93,66) (0,93,67) (0,93,68) (0,93,69) (0,93,70) (0,93,71) (0,93,72) (0,93,73) (0,93,74) (0,93,75) (0,93,76) (0,93,77) (0,93,78) (0,93,79) (0,93,80) (0,93,81) (0,93,82) (0,93,83) (0,93,84) (0,93,85) (0,93,86) (0,93,87) (0,93,88) (0,93,89) (0,93,90) (0,93,91) (0,93,92) (0,93,94) (0,93,95) (0,93,96) (0,93,97) (0,93,98) (0,93,99) (0,93,100) (0,94,1) (0,94,2) (0,94,3) (0,94,4) (0,94,5) (0,94,6) (0,94,7) (0,94,8) (0,94,9) (0,94,10) (0,94,11) (0,94,12) (0,94,13) (0,94,14) (0,94,15) (0,94,16) (0,94,17) (0,94,18) (0,94,19) (0,94,20) (0,94,21) (0,94,22) (0,94,23) (0,94,24) (0,94,25) (0,94,26) (0,94,27) (0,94,28) (0,94,29) (0,94,30) (0,94,31) (0,94,32) (0,94,33) (0,94,34) (0,94,35) (0,94,36) (0,94,37) (0,94,38) (0,94,39) (0,94,40) (0,94,41) (0,94,42) (0,94,43) (0,94,44) (0,94,45) (0,94,46) (0,94,47) (0,94,48) (0,94,49) (0,94,50) (0,94,51) (0,94,52) (0,94,53) (0,94,54) (0,94,55) (0,94,56) (0,94,57) (0,94,58) (0,94,59) (0,94,60) (0,94,61) (0,94,62) (0,94,63) (0,94,64) (0,94,65) (0,94,66) (0,94,67) (0,94,68) (0,94,69) (0,94,70) (0,94,71) (0,94,72) (0,94,73) (0,94,74) (0,94,75) (0,94,76) (0,94,77) (0,94,78) (0,94,79) (0,94,80) (0,94,81) (0,94,82) (0,94,83) (0,94,84) (0,94,85) (0,94,86) (0,94,87) (0,94,88) (0,94,89) (0,94,90) (0,94,91) (0,94,92) (0,94,93) (0,94,95) (0,94,97) (0,94,98) (0,94,99) (0,94,100) (0,95,1) (0,95,2) (0,95,3) (0,95,4) (0,95,5) (0,95,6) (0,95,7) (0,95,8) (0,95,9) (0,95,10) (0,95,11) (0,95,12) (0,95,13) (0,95,14) (0,95,15) (0,95,16) (0,95,17) (0,95,18) (0,95,19) (0,95,20) (0,95,21) (0,95,22) (0,95,23) (0,95,24) (0,95,25) (0,95,26) (0,95,27) (0,95,28) (0,95,29) (0,95,30) (0,95,31) (0,95,32) (0,95,33) (0,95,34) (0,95,35) (0,95,36) (0,95,37) (0,95,38) (0,95,39) (0,95,40) (0,95,41) (0,95,42) (0,95,43) (0,95,44) (0,95,45) (0,95,46) (0,95,47) (0,95,48) (0,95,49) (0,95,50) (0,95,51) (0,95,52) (0,95,53) (0,95,54) (0,95,55) (0,95,56) (0,95,57) (0,95,58) (0,95,59) (0,95,60) (0,95,61) (0,95,62) (0,95,63) (0,95,64) (0,95,65) (0,95,66) (0,95,67) (0,95,68) (0,95,69) (0,95,70) (0,95,71) (0,95,72) (0,95,73) (0,95,74) (0,95,75) (0,95,76) (0,95,77) (0,95,78) (0,95,79) (0,95,80) (0,95,81) (0,95,82) (0,95,83) (0,95,84) (0,95,85) (0,95,86) (0,95,87) (0,95,88) (0,95,89) (0,95,90) (0,95,91) (0,95,92) (0,95,93) (0,95,94) (0,95,96) (0,95,97) (0,95,98) (0,95,99) (0,95,100) (0,96,1) (0,96,2) (0,96,3) (0,96,4) (0,96,5) (0,96,6) (0,96,7) (0,96,8) (0,96,9) (0,96,10) (0,96,11) (0,96,12) (0,96,13) (0,96,14) (0,96,15) (0,96,16) (0,96,17) (0,96,18) (0,96,19) (0,96,20) (0,96,21) (0,96,22) (0,96,23) (0,96,24) (0,96,25) (0,96,26) (0,96,27) (0,96,28) (0,96,29) (0,96,30) (0,96,31) (0,96,32) (0,96,33) (0,96,34) (0,96,35) (0,96,36) (0,96,37) (0,96,38) (0,96,39) (0,96,40) (0,96,41) (0,96,42) (0,96,43) (0,96,44) (0,96,45) (0,96,46) (0,96,47) (0,96,48) (0,96,49) (0,96,50) (0,96,51) (0,96,52) (0,96,53) (0,96,54) (0,96,55) (0,96,56) (0,96,57) (0,96,58) (0,96,59) (0,96,60) (0,96,61) (0,96,62) (0,96,63) (0,96,64) (0,96,65) (0,96,66) (0,96,67) (0,96,68) (0,96,69) (0,96,70) (0,96,71) (0,96,72) (0,96,73) (0,96,74) (0,96,75) (0,96,76) (0,96,77) (0,96,78) (0,96,79) (0,96,80) (0,96,81) (0,96,82) (0,96,83) (0,96,84) (0,96,85) (0,96,86) (0,96,87) (0,96,88) (0,96,89) (0,96,90) (0,96,91) (0,96,92) (0,96,93) (0,96,94) (0,96,95) (0,96,97) (0,96,98) (0,96,99) (0,96,100) (0,97,1) (0,97,2) (0,97,3) (0,97,4) (0,97,5) (0,97,6) (0,97,7) (0,97,8) (0,97,9) (0,97,10) (0,97,11) (0,97,12) (0,97,13) (0,97,14) (0,97,15) (0,97,16) (0,97,17) (0,97,18) (0,97,19) (0,97,20) (0,97,21) (0,97,22) (0,97,23) (0,97,24) (0,97,25) (0,97,26) (0,97,27) (0,97,28) (0,97,29) (0,97,30) (0,97,31) (0,97,32) (0,97,33) (0,97,34) (0,97,35) (0,97,36) (0,97,37) (0,97,38) (0,97,39) (0,97,40) (0,97,41) (0,97,42) (0,97,43) (0,97,44) (0,97,45) (0,97,46) (0,97,47) (0,97,48) (0,97,49) (0,97,50) (0,97,51) (0,97,52) (0,97,53) (0,97,54) (0,97,55) (0,97,56) (0,97,57) (0,97,58) (0,97,59) (0,97,60) (0,97,61) (0,97,62) (0,97,63) (0,97,64) (0,97,65) (0,97,66) (0,97,67) (0,97,68) (0,97,69) (0,97,70) (0,97,71) (0,97,72) (0,97,73) (0,97,74) (0,97,75) (0,97,76) (0,97,77) (0,97,78) (0,97,79) (0,97,80) (0,97,81) (0,97,82) (0,97,83) (0,97,84) (0,97,85) (0,97,86) (0,97,87) (0,97,88) (0,97,89) (0,97,90) (0,97,91) (0,97,92) (0,97,93) (0,97,94) (0,97,95) (0,97,96) (0,97,98) (0,97,99) (0,97,100) (0,98,1) (0,98,2) (0,98,3) (0,98,4) (0,98,5) (0,98,6) (0,98,7) (0,98,8) (0,98,9) (0,98,10) (0,98,11) (0,98,12) (0,98,13) (0,98,14) (0,98,15) (0,98,16) (0,98,17) (0,98,18) (0,98,19) (0,98,20) (0,98,21) (0,98,22) (0,98,23) (0,98,24) (0,98,25) (0,98,26) (0,98,27) (0,98,28) (0,98,29) (0,98,30) (0,98,31) (0,98,32) (0,98,33) (0,98,34) (0,98,35) (0,98,36) (0,98,37) (0,98,38) (0,98,39) (0,98,40) (0,98,41) (0,98,42) (0,98,43) (0,98,44) (0,98,45) (0,98,46) (0,98,47) (0,98,48) (0,98,49) (0,98,50) (0,98,51) (0,98,52) (0,98,53) (0,98,54) (0,98,55) (0,98,56) (0,98,57) (0,98,58) (0,98,59) (0,98,60) (0,98,61) (0,98,62) (0,98,63) (0,98,64) (0,98,65) (0,98,66) (0,98,67) (0,98,68) (0,98,69) (0,98,70) (0,98,71) (0,98,72) (0,98,73) (0,98,74) (0,98,75) (0,98,76) (0,98,77) (0,98,78) (0,98,79) (0,98,80) (0,98,81) (0,98,82) (0,98,83) (0,98,84) (0,98,85) (0,98,86) (0,98,87) (0,98,88) (0,98,89) (0,98,90) (0,98,91) (0,98,92) (0,98,93) (0,98,94) (0,98,95) (0,98,96) (0,98,97) (0,98,99) (0,98,100) (0,99,1) (0,99,2) (0,99,3) (0,99,4) (0,99,5) (0,99,6) (0,99,7) (0,99,8) (0,99,9) (0,99,10) (0,99,11) (0,99,12) (0,99,13) (0,99,14) (0,99,15) (0,99,16) (0,99,17) (0,99,18) (0,99,19) (0,99,20) (0,99,21) (0,99,22) (0,99,23) (0,99,24) (0,99,25) (0,99,26) (0,99,27) (0,99,28) (0,99,29) (0,99,30) (0,99,31) (0,99,32) (0,99,33) (0,99,34) (0,99,35) (0,99,36) (0,99,37) (0,99,38) (0,99,39) (0,99,40) (0,99,41) (0,99,42) (0,99,43) (0,99,44) (0,99,45) (0,99,46) (0,99,47) (0,99,48) (0,99,49) (0,99,50) (0,99,51) (0,99,52) (0,99,53) (0,99,54) (0,99,55) (0,99,56) (0,99,57) (0,99,58) (0,99,59) (0,99,60) (0,99,61) (0,99,62) (0,99,63) (0,99,64) (0,99,65) (0,99,66) (0,99,67) (0,99,68) (0,99,69) (0,99,70) (0,99,71) (0,99,72) (0,99,73) (0,99,74) (0,99,75) (0,99,76) (0,99,77) (0,99,78) (0,99,79) (0,99,80) (0,99,81) (0,99,82) (0,99,83) (0,99,84) (0,99,85) (0,99,86) (0,99,87) (0,99,88) (0,99,89) (0,99,90) (0,99,91) (0,99,92) (0,99,93) (0,99,94) (0,99,95) (0,99,96) (0,99,97) (0,99,98) (0,99,100) (0,100,1) (0,100,2) (0,100,3) (0,100,4) (0,100,5) (0,100,6) (0,100,7) (0,100,8) (0,100,9) (0,100,10) (0,100,11) (0,100,12) (0,100,13) (0,100,14) (0,100,15) (0,100,16) (0,100,17) (0,100,18) (0,100,19) (0,100,20) (0,100,21) (0,100,22) (0,100,23) (0,100,24) (0,100,25) (0,100,26) (0,100,27) (0,100,28) (0,100,29) (0,100,30) (0,100,31) (0,100,32) (0,100,33) (0,100,34) (0,100,35) (0,100,36) (0,100,37) (0,100,38) (0,100,39) (0,100,40) (0,100,41) (0,100,42) (0,100,43) (0,100,44) (0,100,45) (0,100,46) (0,100,47) (0,100,48) (0,100,49) (0,100,50) (0,100,51) (0,100,52) (0,100,53) (0,100,54) (0,100,55) (0,100,56) (0,100,57) (0,100,58) (0,100,59) (0,100,60) (0,100,61) (0,100,62) (0,100,63) (0,100,64) (0,100,65) (0,100,66) (0,100,67) (0,100,68) (0,100,69) (0,100,70) (0,100,71) (0,100,72) (0,100,73) (0,100,74) (0,100,75) (0,100,76) (0,100,77) (0,100,78) (0,100,79) (0,100,80) (0,100,81) (0,100,82) (0,100,83) (0,100,84) (0,100,85) (0,100,86) (0,100,87) (0,100,88) (0,100,89) (0,100,90) (0,100,91) (0,100,92) (0,100,93) (0,100,94) (0,100,95) (0,100,96) (0,100,97) (0,100,98) (0,100,99);

end;
