# n100d06p1i3.txt

# 5 cluster
param p := 5 ;

# 100 vertici
set V := 
 1 2 3 4 5 6 7 8 9 10 11 12 13 14 15 16 17 18 19 20 21 22 23 24 25 26 27 28 29 30 31 32 33 34 35 36 37 38 39 40 41 42 43 44 45 46 47 48 49 50 51 52 53 54 55 56 57 58 59 60 61 62 63 64 65 66 67 68 69 70 71 72 73 74 75 76 77 78 79 80 81 82 83 84 85 86 87 88 89 90 91 92 93 94 95 96 97 98 99 100
;

param w := 
  1    1
  2    1
  3    2
  4    3
  5    3
  6    6
  7    6
  8    8
  9    9
 10    9
 11   10
 12   11
 13   14
 14   14
 15   15
 16   16
 17   16
 18   17
 19   19
 20   22
 21   22
 22   23
 23   24
 24   24
 25   24
 26   25
 27   25
 28   25
 29   26
 30   28
 31   30
 32   30
 33   32
 34   32
 35   33
 36   34
 37   34
 38   36
 39   37
 40   37
 41   38
 42   40
 43   41
 44   43
 45   43
 46   43
 47   44
 48   44
 49   44
 50   49
 51   49
 52   50
 53   51
 54   51
 55   53
 56   54
 57   54
 58   55
 59   56
 60   58
 61   59
 62   59
 63   60
 64   61
 65   62
 66   63
 67   63
 68   65
 69   65
 70   67
 71   68
 72   70
 73   70
 74   71
 75   71
 76   73
 77   74
 78   75
 79   76
 80   77
 81   79
 82   80
 83   81
 84   84
 85   85
 86   85
 87   85
 88   86
 89   88
 90   89
 91   89
 92   91
 93   92
 94   93
 95   94
 96   95
 97   97
 98   97
 99   98
100   99
;

# 6600 lati
set E := 
 (1,23) (1,59) (1,67) (1,99) (1,85) (1,63) (1,51) (1,93) (1,65) (1,33) (1,77) (1,49) (1,9) (1,79) (1,15) (1,55) (1,24) (1,94) (1,90) (1,37) (1,10) (1,5) (1,47) (1,54) (1,74) (1,26) (1,32) (1,81) (1,50) (1,25) (1,64) (1,52) (1,96) (1,14) (1,82) (1,92) (1,44) (1,28) (1,83) (1,6) (1,68) (1,58) (1,36) (1,48) (1,42) (1,78) (1,27) (1,18) (1,62) (1,7) (1,98) (1,91) (1,12) (1,80) (1,86) (1,61) (1,89) (1,17) (1,43) (1,3) (1,38) (1,41) (1,16) (1,75) (1,57) (1,39) (1,73)
 (2,38) (2,74) (2,92) (2,52) (2,48) (2,96) (2,66) (2,5) (2,97) (2,70) (2,13) (2,24) (2,68) (2,62) (2,65) (2,17) (2,86) (2,32) (2,85) (2,83) (2,49) (2,95) (2,30) (2,54) (2,73) (2,10) (2,42) (2,76) (2,22) (2,12) (2,56) (2,57) (2,89) (2,40) (2,72) (2,18) (2,71) (2,20) (2,53) (2,25) (2,64) (2,87) (2,50) (2,90) (2,8) (2,23) (2,55) (2,27) (2,35) (2,39) (2,34) (2,11) (2,29) (2,100) (2,28) (2,58) (2,51) (2,98) (2,15) (2,33) (2,91) (2,9) (2,3) (2,6) (2,14) (2,26)
 (3,16) (3,31) (3,74) (3,7) (3,47) (3,18) (3,54) (3,61) (3,30) (3,27) (3,10) (3,49) (3,80) (3,53) (3,32) (3,41) (3,15) (3,84) (3,21) (3,46) (3,78) (3,13) (3,60) (3,20) (3,11) (3,52) (3,91) (3,87) (3,85) (3,99) (3,25) (3,34) (3,72) (3,48) (3,59) (3,88) (3,50) (3,40) (3,12) (3,45) (3,19) (3,95) (3,17) (3,94) (3,28) (3,57) (3,86) (3,58) (3,81) (3,83) (3,70) (3,14) (3,98) (3,9) (3,79) (3,39) (3,67) (3,35) (3,73) (3,26) (3,4) (3,8) (3,71) (3,56) (3,82) (3,69) (3,77) (3,33) (3,5)
 (4,94) (4,8) (4,61) (4,65) (4,23) (4,62) (4,90) (4,59) (4,56) (4,98) (4,82) (4,39) (4,74) (4,53) (4,58) (4,66) (4,52) (4,68) (4,63) (4,67) (4,71) (4,27) (4,37) (4,32) (4,36) (4,14) (4,86) (4,60) (4,88) (4,19) (4,54) (4,46) (4,16) (4,20) (4,7) (4,73) (4,31) (4,25) (4,40) (4,12) (4,100) (4,50) (4,11) (4,97) (4,17) (4,89) (4,42) (4,48) (4,43) (4,92) (4,76) (4,47) (4,24) (4,64) (4,10) (4,91) (4,5) (4,51) (4,45) (4,84) (4,96) (4,70) (4,29) (4,78) (4,81)
 (5,59) (5,70) (5,41) (5,12) (5,43) (5,64) (5,54) (5,22) (5,46) (5,20) (5,97) (5,58) (5,90) (5,69) (5,15) (5,6) (5,36) (5,32) (5,50) (5,98) (5,18) (5,65) (5,81) (5,37) (5,52) (5,78) (5,93) (5,34) (5,49) (5,35) (5,48) (5,89) (5,25) (5,99) (5,28) (5,27) (5,95) (5,56) (5,51) (5,13) (5,38) (5,8) (5,47) (5,16) (5,79) (5,96) (5,74) (5,23) (5,40) (5,33) (5,17) (5,29) (5,19) (5,83) (5,10) (5,100) (5,92) (5,63) (5,24) (5,88) (5,91) (5,94) (5,42) (5,21)
 (6,24) (6,72) (6,82) (6,44) (6,60) (6,8) (6,64) (6,80) (6,79) (6,65) (6,42) (6,68) (6,13) (6,26) (6,17) (6,51) (6,36) (6,96) (6,83) (6,23) (6,27) (6,21) (6,20) (6,67) (6,28) (6,76) (6,35) (6,39) (6,40) (6,11) (6,19) (6,47) (6,85) (6,90) (6,15) (6,54) (6,38) (6,100) (6,16) (6,53) (6,95) (6,77) (6,49) (6,71) (6,56) (6,14) (6,69) (6,99) (6,61) (6,12) (6,50) (6,92) (6,97) (6,34) (6,31) (6,29) (6,78) (6,94) (6,74) (6,93) (6,30)
 (7,77) (7,31) (7,57) (7,30) (7,20) (7,21) (7,88) (7,64) (7,81) (7,84) (7,68) (7,73) (7,23) (7,98) (7,83) (7,53) (7,63) (7,36) (7,17) (7,33) (7,19) (7,69) (7,34) (7,42) (7,75) (7,90) (7,29) (7,46) (7,60) (7,72) (7,80) (7,56) (7,87) (7,32) (7,51) (7,100) (7,58) (7,27) (7,82) (7,92) (7,10) (7,26) (7,24) (7,74) (7,38) (7,67) (7,94) (7,37) (7,91) (7,13) (7,96) (7,47) (7,15) (7,11) (7,39) (7,50) (7,59) (7,14) (7,44) (7,55) (7,85) (7,86) (7,54) (7,52)
 (8,50) (8,88) (8,79) (8,19) (8,40) (8,34) (8,69) (8,77) (8,78) (8,75) (8,10) (8,21) (8,14) (8,64) (8,59) (8,30) (8,27) (8,97) (8,39) (8,18) (8,26) (8,47) (8,81) (8,57) (8,93) (8,63) (8,55) (8,22) (8,84) (8,74) (8,87) (8,53) (8,37) (8,12) (8,62) (8,94) (8,43) (8,46) (8,42) (8,70) (8,36) (8,85) (8,99) (8,35) (8,38) (8,52) (8,98) (8,65) (8,32) (8,90) (8,83) (8,73) (8,49) (8,89) (8,29) (8,11) (8,33) (8,9) (8,95) (8,48) (8,91) (8,58) (8,71) (8,20)
 (9,68) (9,71) (9,92) (9,25) (9,83) (9,46) (9,59) (9,57) (9,14) (9,31) (9,56) (9,78) (9,82) (9,43) (9,61) (9,90) (9,17) (9,76) (9,36) (9,94) (9,27) (9,51) (9,55) (9,33) (9,89) (9,23) (9,58) (9,52) (9,54) (9,73) (9,64) (9,38) (9,79) (9,72) (9,97) (9,86) (9,37) (9,30) (9,42) (9,74) (9,62) (9,32) (9,39) (9,96) (9,95) (9,98) (9,67) (9,66) (9,85) (9,80) (9,81) (9,93) (9,11) (9,13) (9,87) (9,70) (9,28) (9,49) (9,50) (9,75) (9,34) (9,63)
 (10,96) (10,25) (10,22) (10,54) (10,31) (10,89) (10,15) (10,80) (10,24) (10,70) (10,51) (10,33) (10,34) (10,14) (10,63) (10,59) (10,32) (10,99) (10,11) (10,75) (10,55) (10,95) (10,85) (10,78) (10,90) (10,97) (10,45) (10,50) (10,27) (10,18) (10,82) (10,100) (10,37) (10,44) (10,36) (10,71) (10,87) (10,81) (10,73) (10,48) (10,49) (10,72) (10,41) (10,69) (10,29) (10,17) (10,40) (10,42) (10,12) (10,83) (10,66) (10,28) (10,68) (10,26) (10,86) (10,57) (10,16) (10,20) (10,94)
 (11,13) (11,23) (11,86) (11,72) (11,38) (11,24) (11,97) (11,81) (11,58) (11,22) (11,18) (11,52) (11,17) (11,26) (11,84) (11,42) (11,49) (11,51) (11,64) (11,39) (11,53) (11,100) (11,60) (11,71) (11,36) (11,20) (11,88) (11,95) (11,48) (11,45) (11,35) (11,37) (11,67) (11,41) (11,50) (11,69) (11,31) (11,68) (11,15) (11,85) (11,99) (11,40) (11,93) (11,33) (11,46) (11,54) (11,94) (11,62) (11,34) (11,14) (11,29) (11,43) (11,87) (11,12) (11,92) (11,28)
 (12,54) (12,66) (12,41) (12,22) (12,100) (12,99) (12,58) (12,64) (12,53) (12,13) (12,95) (12,96) (12,55) (12,17) (12,14) (12,70) (12,90) (12,85) (12,97) (12,30) (12,37) (12,62) (12,52) (12,81) (12,34) (12,93) (12,86) (12,44) (12,40) (12,82) (12,27) (12,78) (12,73) (12,15) (12,71) (12,36) (12,94) (12,43) (12,23) (12,19) (12,33) (12,51) (12,87) (12,67) (12,42) (12,45) (12,57) (12,46) (12,91) (12,28) (12,32) (12,75) (12,77) (12,29) (12,79) (12,69) (12,72) (12,65)
 (13,37) (13,84) (13,73) (13,47) (13,90) (13,26) (13,72) (13,99) (13,38) (13,43) (13,39) (13,81) (13,66) (13,60) (13,44) (13,92) (13,80) (13,45) (13,58) (13,27) (13,16) (13,41) (13,33) (13,94) (13,59) (13,34) (13,86) (13,21) (13,46) (13,79) (13,53) (13,42) (13,28) (13,36) (13,29) (13,23) (13,97) (13,70) (13,14) (13,15) (13,95) (13,35) (13,20) (13,54) (13,52) (13,62) (13,55) (13,50) (13,18) (13,57) (13,51) (13,82) (13,77) (13,17) (13,30) (13,68) (13,40) (13,100) (13,56) (13,91) (13,93) (13,19) (13,64) (13,74) (13,89) (13,22)
 (14,91) (14,68) (14,60) (14,69) (14,66) (14,83) (14,84) (14,22) (14,37) (14,17) (14,24) (14,50) (14,94) (14,72) (14,74) (14,53) (14,39) (14,45) (14,28) (14,55) (14,95) (14,27) (14,90) (14,41) (14,52) (14,40) (14,81) (14,38) (14,15) (14,64) (14,25) (14,33) (14,79) (14,46) (14,88) (14,71) (14,49) (14,42) (14,65) (14,31) (14,82) (14,86) (14,16) (14,56) (14,48) (14,35) (14,23) (14,18) (14,54) (14,43) (14,61) (14,77) (14,87) (14,19) (14,73) (14,29)
 (15,43) (15,94) (15,17) (15,53) (15,76) (15,84) (15,32) (15,66) (15,77) (15,20) (15,30) (15,75) (15,22) (15,93) (15,100) (15,27) (15,85) (15,48) (15,18) (15,57) (15,96) (15,90) (15,91) (15,47) (15,51) (15,26) (15,16) (15,79) (15,69) (15,78) (15,97) (15,58) (15,89) (15,60) (15,67) (15,88) (15,50) (15,35) (15,31) (15,46) (15,68) (15,28) (15,38) (15,23) (15,24) (15,41) (15,45) (15,86) (15,59) (15,29) (15,61) (15,34) (15,73) (15,56) (15,49) (15,98) (15,87) (15,82) (15,21) (15,80) (15,74)
 (16,96) (16,95) (16,100) (16,20) (16,97) (16,84) (16,17) (16,82) (16,60) (16,29) (16,83) (16,25) (16,33) (16,50) (16,34) (16,80) (16,26) (16,73) (16,67) (16,79) (16,72) (16,69) (16,27) (16,74) (16,63) (16,87) (16,88) (16,30) (16,66) (16,77) (16,71) (16,64) (16,68) (16,57) (16,62) (16,49) (16,70) (16,21) (16,31) (16,58) (16,44) (16,40) (16,39) (16,78) (16,18) (16,36) (16,28) (16,23) (16,19) (16,48) (16,47) (16,56)
 (17,41) (17,89) (17,65) (17,72) (17,52) (17,35) (17,51) (17,37) (17,42) (17,31) (17,94) (17,33) (17,50) (17,53) (17,91) (17,86) (17,55) (17,63) (17,30) (17,23) (17,29) (17,40) (17,60) (17,27) (17,87) (17,77) (17,84) (17,81) (17,70) (17,95) (17,43) (17,96) (17,28) (17,97) (17,47) (17,18) (17,68) (17,22) (17,64) (17,61) (17,74) (17,46) (17,85) (17,98) (17,54) (17,76) (17,92) (17,67) (17,73) (17,62) (17,19) (17,71) (17,69) (17,100) (17,26) (17,82) (17,58) (17,80)
 (18,64) (18,19) (18,73) (18,31) (18,37) (18,66) (18,65) (18,82) (18,24) (18,81) (18,25) (18,29) (18,32) (18,23) (18,62) (18,100) (18,43) (18,83) (18,76) (18,60) (18,56) (18,99) (18,52) (18,41) (18,71) (18,78) (18,61) (18,42) (18,34) (18,70) (18,74) (18,47) (18,40) (18,33) (18,85) (18,57) (18,21) (18,55) (18,45) (18,35) (18,75) (18,36) (18,80) (18,39) (18,86) (18,54) (18,91) (18,26) (18,97) (18,94) (18,63) (18,95) (18,53) (18,51) (18,22)
 (19,93) (19,90) (19,91) (19,36) (19,80) (19,30) (19,51) (19,84) (19,65) (19,95) (19,85) (19,76) (19,57) (19,42) (19,26) (19,22) (19,88) (19,41) (19,43) (19,54) (19,21) (19,44) (19,68) (19,66) (19,46) (19,38) (19,98) (19,74) (19,86) (19,63) (19,58) (19,92) (19,40) (19,72) (19,50) (19,23) (19,24) (19,35) (19,94) (19,25) (19,32) (19,59) (19,48) (19,20) (19,33) (19,34) (19,87) (19,73) (19,82) (19,28) (19,45) (19,78) (19,83) (19,52) (19,71)
 (20,29) (20,82) (20,63) (20,65) (20,25) (20,76) (20,64) (20,95) (20,52) (20,46) (20,49) (20,34) (20,59) (20,39) (20,35) (20,71) (20,68) (20,75) (20,37) (20,41) (20,70) (20,84) (20,50) (20,38) (20,83) (20,62) (20,31) (20,57) (20,77) (20,90) (20,48) (20,67) (20,94) (20,74) (20,26) (20,58) (20,27) (20,42) (20,32) (20,66) (20,87) (20,96) (20,53) (20,56) (20,45) (20,60) (20,21) (20,28)
 (21,66) (21,33) (21,28) (21,26) (21,75) (21,58) (21,100) (21,55) (21,63) (21,86) (21,98) (21,90) (21,65) (21,64) (21,89) (21,23) (21,44) (21,70) (21,92) (21,56) (21,88) (21,31) (21,57) (21,37) (21,22) (21,34) (21,54) (21,77) (21,41) (21,48) (21,93) (21,61) (21,25) (21,43) (21,87) (21,79) (21,35) (21,59) (21,68) (21,38) (21,53) (21,52) (21,32) (21,82) (21,60)
 (22,93) (22,61) (22,62) (22,28) (22,76) (22,79) (22,84) (22,59) (22,23) (22,33) (22,74) (22,96) (22,60) (22,80) (22,24) (22,34) (22,30) (22,42) (22,91) (22,65) (22,66) (22,35) (22,99) (22,95) (22,38) (22,54) (22,82) (22,47) (22,48) (22,89) (22,63) (22,87) (22,88) (22,75) (22,26) (22,71) (22,78) (22,46) (22,100) (22,92) (22,53) (22,86) (22,49) (22,94) (22,83) (22,57) (22,90) (22,70) (22,77) (22,64) (22,32) (22,36) (22,72) (22,73) (22,43)
 (23,64) (23,89) (23,72) (23,86) (23,98) (23,79) (23,78) (23,88) (23,51) (23,43) (23,61) (23,65) (23,59) (23,48) (23,81) (23,63) (23,38) (23,82) (23,73) (23,31) (23,24) (23,50) (23,40) (23,60) (23,90) (23,34) (23,56) (23,80) (23,95) (23,100) (23,45) (23,27) (23,62) (23,54) (23,85) (23,91) (23,70) (23,46) (23,87) (23,35) (23,84) (23,41) (23,93) (23,44) (23,67) (23,52) (23,28) (23,96) (23,32) (23,29)
 (24,39) (24,89) (24,30) (24,44) (24,50) (24,86) (24,60) (24,96) (24,88) (24,33) (24,27) (24,40) (24,29) (24,100) (24,72) (24,32) (24,63) (24,94) (24,75) (24,93) (24,65) (24,92) (24,35) (24,41) (24,31) (24,71) (24,76) (24,57) (24,58) (24,53) (24,90) (24,73) (24,43) (24,61) (24,42) (24,97) (24,46) (24,62) (24,82) (24,34) (24,56) (24,52) (24,26) (24,28) (24,48) (24,79) (24,45) (24,67) (24,78)
 (25,100) (25,53) (25,63) (25,69) (25,83) (25,77) (25,29) (25,64) (25,71) (25,56) (25,47) (25,67) (25,85) (25,52) (25,80) (25,86) (25,49) (25,32) (25,87) (25,74) (25,55) (25,27) (25,50) (25,99) (25,73) (25,54) (25,97) (25,36) (25,66) (25,30) (25,26) (25,28) (25,76) (25,37) (25,91) (25,41) (25,90) (25,59) (25,31) (25,38) (25,40) (25,84) (25,78) (25,35) (25,57) (25,68) (25,65) (25,96) (25,46)
 (26,48) (26,43) (26,62) (26,55) (26,38) (26,37) (26,65) (26,33) (26,56) (26,98) (26,32) (26,92) (26,89) (26,78) (26,69) (26,46) (26,81) (26,31) (26,99) (26,67) (26,70) (26,68) (26,84) (26,60) (26,45) (26,83) (26,94) (26,93) (26,54) (26,61) (26,100) (26,86) (26,58) (26,72) (26,51) (26,90) (26,91) (26,79) (26,63) (26,82) (26,53) (26,64) (26,80) (26,47) (26,39) (26,88) (26,59) (26,50) (26,36) (26,42) (26,66) (26,40)
 (27,73) (27,90) (27,52) (27,65) (27,63) (27,72) (27,95) (27,93) (27,78) (27,82) (27,31) (27,30) (27,87) (27,44) (27,85) (27,56) (27,28) (27,86) (27,35) (27,76) (27,33) (27,97) (27,42) (27,99) (27,81) (27,39) (27,71) (27,84) (27,91) (27,37) (27,43) (27,68) (27,51) (27,83) (27,49) (27,45) (27,61) (27,36) (27,40) (27,74) (27,96) (27,98) (27,64) (27,69) (27,38) (27,41) (27,32) (27,59) (27,58)
 (28,31) (28,54) (28,62) (28,38) (28,82) (28,90) (28,65) (28,84) (28,75) (28,63) (28,45) (28,99) (28,98) (28,61) (28,76) (28,39) (28,97) (28,92) (28,73) (28,37) (28,56) (28,91) (28,53) (28,72) (28,55) (28,81) (28,32) (28,93) (28,34) (28,58) (28,83) (28,50) (28,88) (28,30) (28,80) (28,70) (28,67) (28,59) (28,44) (28,94) (28,33) (28,89) (28,87) (28,60) (28,43) (28,40)
 (29,57) (29,87) (29,86) (29,37) (29,77) (29,66) (29,67) (29,38) (29,35) (29,83) (29,49) (29,36) (29,44) (29,89) (29,100) (29,48) (29,59) (29,82) (29,45) (29,93) (29,92) (29,99) (29,46) (29,63) (29,39) (29,62) (29,98) (29,81) (29,58) (29,94) (29,64) (29,68) (29,96) (29,65) (29,40) (29,88) (29,80) (29,42)
 (30,82) (30,37) (30,71) (30,58) (30,73) (30,33) (30,85) (30,56) (30,68) (30,95) (30,100) (30,69) (30,79) (30,72) (30,53) (30,60) (30,57) (30,75) (30,80) (30,99) (30,52) (30,34) (30,40) (30,83) (30,66) (30,81) (30,88) (30,98) (30,74) (30,93) (30,77) (30,38) (30,70) (30,42) (30,51) (30,89) (30,55) (30,76) (30,45) (30,46) (30,43) (30,47) (30,50) (30,86) (30,90) (30,61) (30,48) (30,59) (30,94) (30,97) (30,78) (30,87) (30,96) (30,54) (30,62) (30,63)
 (31,87) (31,71) (31,72) (31,97) (31,93) (31,47) (31,75) (31,40) (31,36) (31,51) (31,81) (31,70) (31,46) (31,74) (31,88) (31,45) (31,92) (31,89) (31,52) (31,84) (31,62) (31,99) (31,76) (31,35) (31,44) (31,48) (31,49) (31,73) (31,77) (31,43) (31,83) (31,94) (31,67) (31,95) (31,98) (31,69) (31,33) (31,66) (31,61) (31,34) (31,57) (31,53) (31,65) (31,100) (31,82)
 (32,76) (32,45) (32,87) (32,84) (32,40) (32,63) (32,48) (32,64) (32,71) (32,39) (32,34) (32,66) (32,73) (32,38) (32,85) (32,50) (32,49) (32,57) (32,79) (32,89) (32,41) (32,33) (32,60) (32,61) (32,74) (32,55) (32,91) (32,46) (32,35) (32,44) (32,93) (32,97) (32,94) (32,59) (32,70) (32,96) (32,78) (32,75) (32,37) (32,69) (32,90) (32,36) (32,47) (32,99) (32,95) (32,52) (32,67) (32,100)
 (33,97) (33,83) (33,34) (33,59) (33,42) (33,81) (33,40) (33,50) (33,39) (33,76) (33,89) (33,68) (33,58) (33,86) (33,51) (33,74) (33,57) (33,38) (33,66) (33,61) (33,94) (33,91) (33,72) (33,54) (33,100) (33,64) (33,67) (33,79) (33,43) (33,55) (33,35) (33,82) (33,99) (33,71) (33,53) (33,73) (33,75) (33,80) (33,77) (33,96) (33,78)
 (34,89) (34,42) (34,99) (34,64) (34,100) (34,71) (34,60) (34,69) (34,79) (34,72) (34,85) (34,98) (34,56) (34,70) (34,41) (34,97) (34,66) (34,40) (34,39) (34,92) (34,68) (34,49) (34,80) (34,48) (34,53) (34,88) (34,96) (34,95) (34,76) (34,63) (34,61) (34,38) (34,51) (34,65) (34,86) (34,93) (34,81) (34,87) (34,83) (34,43) (34,84) (34,35) (34,50) (34,45)
 (35,65) (35,55) (35,71) (35,38) (35,96) (35,72) (35,88) (35,68) (35,69) (35,80) (35,86) (35,76) (35,42) (35,77) (35,98) (35,100) (35,48) (35,44) (35,97) (35,54) (35,82) (35,85) (35,62) (35,37) (35,41) (35,67) (35,46) (35,53) (35,78) (35,87) (35,99) (35,56) (35,40) (35,84) (35,90) (35,81) (35,94) (35,63) (35,47) (35,95) (35,93) (35,89) (35,74) (35,75) (35,51)
 (36,78) (36,75) (36,97) (36,43) (36,73) (36,71) (36,70) (36,84) (36,55) (36,96) (36,74) (36,81) (36,89) (36,53) (36,82) (36,83) (36,98) (36,39) (36,90) (36,62) (36,77) (36,45) (36,58) (36,92) (36,93) (36,88) (36,95) (36,61) (36,72) (36,76) (36,86) (36,54) (36,46) (36,100) (36,37) (36,80) (36,60) (36,51) (36,94) (36,91) (36,64) (36,65) (36,49) (36,67) (36,79)
 (37,85) (37,87) (37,51) (37,64) (37,70) (37,69) (37,75) (37,39) (37,90) (37,97) (37,93) (37,94) (37,98) (37,95) (37,89) (37,78) (37,99) (37,63) (37,77) (37,58) (37,52) (37,92) (37,79) (37,81) (37,80) (37,73) (37,67) (37,65) (37,76) (37,74) (37,53) (37,48) (37,60) (37,41) (37,49) (37,68) (37,100)
 (38,89) (38,53) (38,50) (38,42) (38,78) (38,39) (38,95) (38,40) (38,65) (38,57) (38,72) (38,100) (38,98) (38,61) (38,47) (38,54) (38,51) (38,49) (38,92) (38,46) (38,88) (38,67) (38,43) (38,64) (38,59) (38,74) (38,69) (38,97) (38,55) (38,82) (38,58) (38,85) (38,66)
 (39,82) (39,99) (39,51) (39,69) (39,61) (39,87) (39,77) (39,75) (39,44) (39,95) (39,43) (39,40) (39,100) (39,48) (39,88) (39,46) (39,73) (39,64) (39,66) (39,58) (39,76) (39,71) (39,79) (39,84) (39,54) (39,60) (39,92) (39,65) (39,45) (39,72) (39,68) (39,62) (39,78) (39,56) (39,59) (39,86) (39,63)
 (40,81) (40,44) (40,85) (40,46) (40,69) (40,68) (40,77) (40,58) (40,86) (40,98) (40,92) (40,57) (40,43) (40,54) (40,63) (40,70) (40,91) (40,48) (40,96) (40,88) (40,42) (40,100) (40,67) (40,74) (40,62) (40,79) (40,53) (40,90) (40,65) (40,76) (40,72) (40,47) (40,55) (40,82) (40,84) (40,49) (40,50) (40,87) (40,51) (40,83) (40,94) (40,95) (40,73) (40,89)
 (41,44) (41,80) (41,49) (41,43) (41,46) (41,85) (41,71) (41,61) (41,50) (41,59) (41,82) (41,64) (41,73) (41,98) (41,92) (41,78) (41,74) (41,66) (41,58) (41,62) (41,65) (41,68) (41,89) (41,70) (41,67) (41,99) (41,56) (41,81) (41,42) (41,48) (41,84)
 (42,98) (42,46) (42,69) (42,91) (42,65) (42,43) (42,100) (42,71) (42,95) (42,80) (42,61) (42,47) (42,64) (42,53) (42,79) (42,50) (42,82) (42,99) (42,84) (42,73) (42,59) (42,97) (42,70) (42,89) (42,81) (42,78) (42,56) (42,48) (42,51) (42,72) (42,83) (42,88) (42,86) (42,54) (42,45) (42,74) (42,66) (42,60) (42,62) (42,58)
 (43,98) (43,48) (43,62) (43,78) (43,93) (43,65) (43,84) (43,46) (43,80) (43,64) (43,47) (43,89) (43,74) (43,59) (43,76) (43,44) (43,88) (43,55) (43,96) (43,99) (43,58) (43,95) (43,71) (43,49) (43,92) (43,73) (43,51) (43,61) (43,77) (43,68) (43,56) (43,81) (43,60) (43,52) (43,75)
 (44,58) (44,54) (44,69) (44,47) (44,66) (44,98) (44,60) (44,79) (44,74) (44,100) (44,91) (44,53) (44,82) (44,80) (44,62) (44,57) (44,46) (44,61) (44,50) (44,67) (44,96) (44,87) (44,85) (44,73) (44,51) (44,49) (44,84) (44,99) (44,75) (44,65) (44,86) (44,92) (44,77) (44,93) (44,90) (44,48) (44,95) (44,59) (44,63) (44,72)
 (45,92) (45,76) (45,68) (45,52) (45,48) (45,84) (45,82) (45,80) (45,73) (45,75) (45,55) (45,49) (45,70) (45,71) (45,85) (45,66) (45,67) (45,57) (45,95) (45,87) (45,50) (45,51) (45,93) (45,81) (45,53) (45,62) (45,63) (45,46) (45,94) (45,58) (45,64) (45,61) (45,88)
 (46,56) (46,67) (46,83) (46,80) (46,77) (46,64) (46,54) (46,59) (46,76) (46,61) (46,52) (46,78) (46,72) (46,82) (46,69) (46,58) (46,50) (46,81) (46,53) (46,57) (46,68) (46,88) (46,84) (46,96) (46,62) (46,49) (46,93) (46,87) (46,75) (46,48) (46,55) (46,51) (46,65) (46,95) (46,85) (46,89) (46,94)
 (47,100) (47,84) (47,49) (47,53) (47,55) (47,57) (47,66) (47,96) (47,81) (47,68) (47,86) (47,87) (47,59) (47,89) (47,82) (47,63) (47,50) (47,76) (47,85) (47,58) (47,60) (47,72) (47,77) (47,91) (47,93) (47,75) (47,74) (47,88) (47,52) (47,98) (47,79) (47,48) (47,90) (47,54) (47,83) (47,67)
 (48,50) (48,83) (48,64) (48,61) (48,70) (48,73) (48,66) (48,69) (48,89) (48,94) (48,79) (48,80) (48,84) (48,91) (48,51) (48,77) (48,99) (48,63) (48,78) (48,72) (48,74) (48,93) (48,100) (48,49) (48,68) (48,85) (48,81) (48,95) (48,60) (48,57) (48,90) (48,71) (48,55) (48,96) (48,92)
 (49,61) (49,80) (49,62) (49,76) (49,54) (49,59) (49,66) (49,97) (49,58) (49,91) (49,86) (49,72) (49,88) (49,67) (49,94) (49,78) (49,82) (49,52) (49,55) (49,79) (49,60) (49,65) (49,100) (49,98) (49,64) (49,71) (49,89) (49,77) (49,74) (49,68) (49,95) (49,51) (49,50) (49,69) (49,53) (49,92) (49,75)
 (50,82) (50,58) (50,81) (50,56) (50,98) (50,68) (50,96) (50,67) (50,52) (50,62) (50,75) (50,83) (50,70) (50,74) (50,89) (50,59) (50,87) (50,71) (50,54) (50,90) (50,97) (50,84) (50,73) (50,78) (50,53) (50,55) (50,66) (50,88) (50,57) (50,99) (50,60) (50,100) (50,92) (50,76) (50,79) (50,93) (50,51) (50,69)
 (51,56) (51,57) (51,98) (51,93) (51,79) (51,67) (51,81) (51,92) (51,89) (51,69) (51,95) (51,71) (51,74) (51,83) (51,84) (51,58) (51,78) (51,94) (51,100) (51,76) (51,65) (51,80) (51,85) (51,59) (51,60) (51,66) (51,61) (51,86) (51,64) (51,54) (51,68) (51,77) (51,53) (51,52)
 (52,60) (52,54) (52,97) (52,53) (52,99) (52,72) (52,55) (52,78) (52,96) (52,74) (52,81) (52,70) (52,93) (52,91) (52,88) (52,95) (52,89) (52,92) (52,73) (52,82) (52,100) (52,62) (52,77) (52,66) (52,64) (52,65) (52,69) (52,85) (52,56) (52,79) (52,59) (52,98) (52,68) (52,83)
 (53,64) (53,93) (53,81) (53,66) (53,74) (53,57) (53,85) (53,68) (53,62) (53,73) (53,65) (53,92) (53,84) (53,77) (53,54) (53,94) (53,88) (53,75) (53,83) (53,70) (53,86) (53,98) (53,58) (53,69) (53,61) (53,89) (53,97) (53,67) (53,71) (53,63)
 (54,68) (54,71) (54,73) (54,99) (54,62) (54,91) (54,84) (54,76) (54,60) (54,89) (54,59) (54,58) (54,79) (54,95) (54,75) (54,87) (54,56) (54,96) (54,74) (54,98) (54,90) (54,83) (54,55) (54,69) (54,92) (54,81) (54,65) (54,70) (54,88) (54,72) (54,66) (54,78) (54,100)
 (55,67) (55,81) (55,82) (55,92) (55,96) (55,99) (55,75) (55,61) (55,85) (55,88) (55,60) (55,97) (55,89) (55,68) (55,72) (55,57) (55,64) (55,98) (55,58) (55,66) (55,65) (55,59) (55,80) (55,76) (55,83) (55,93) (55,56) (55,84) (55,95) (55,90) (55,77) (55,100) (55,71)
 (56,75) (56,72) (56,88) (56,89) (56,79) (56,71) (56,64) (56,80) (56,73) (56,69) (56,63) (56,97) (56,85) (56,62) (56,99) (56,74) (56,59) (56,93) (56,96) (56,67) (56,86) (56,78) (56,77) (56,60) (56,68) (56,98)
 (57,88) (57,59) (57,95) (57,68) (57,100) (57,80) (57,84) (57,87) (57,66) (57,81) (57,93) (57,98) (57,86) (57,76) (57,64) (57,72) (57,78) (57,74) (57,79) (57,73) (57,92) (57,71) (57,89) (57,58) (57,63) (57,99)
 (58,82) (58,100) (58,99) (58,83) (58,64) (58,77) (58,72) (58,61) (58,85) (58,63) (58,96) (58,95) (58,88) (58,80) (58,74) (58,71) (58,98) (58,73) (58,60) (58,97) (58,79) (58,81) (58,90) (58,87) (58,92)
 (59,99) (59,100) (59,70) (59,82) (59,61) (59,90) (59,93) (59,98) (59,86) (59,89) (59,77) (59,64) (59,60) (59,87) (59,81) (59,76) (59,74) (59,85) (59,71) (59,91) (59,97) (59,69) (59,66)
 (60,78) (60,86) (60,69) (60,87) (60,99) (60,70) (60,82) (60,67) (60,84) (60,80) (60,65) (60,100) (60,61) (60,91) (60,94) (60,92) (60,66) (60,76) (60,74) (60,93) (60,85) (60,97) (60,77) (60,96) (60,83) (60,81)
 (61,95) (61,94) (61,98) (61,77) (61,93) (61,71) (61,74) (61,81) (61,97) (61,83) (61,65) (61,67) (61,73) (61,76) (61,99) (61,82) (61,75) (61,87) (61,92) (61,86) (61,89) (61,100) (61,91) (61,90) (61,62) (61,64)
 (62,79) (62,92) (62,68) (62,93) (62,74) (62,65) (62,96) (62,85) (62,71) (62,67) (62,73) (62,63) (62,95) (62,76) (62,90) (62,84) (62,82) (62,69) (62,86) (62,77) (62,75)
 (63,66) (63,85) (63,79) (63,92) (63,86) (63,71) (63,84) (63,87) (63,98) (63,68) (63,89) (63,100) (63,67) (63,77) (63,69) (63,80) (63,94) (63,73) (63,88) (63,78) (63,95) (63,83) (63,65) (63,93)
 (64,79) (64,80) (64,65) (64,72) (64,73) (64,92) (64,82) (64,89) (64,77) (64,66) (64,96) (64,70) (64,84) (64,69) (64,99) (64,90) (64,97) (64,86) (64,83) (64,87) (64,78) (64,76) (64,100) (64,95)
 (65,75) (65,85) (65,93) (65,74) (65,69) (65,91) (65,89) (65,68) (65,99) (65,79) (65,77) (65,84) (65,66) (65,81) (65,94) (65,90) (65,73) (65,86) (65,76) (65,70) (65,80)
 (66,95) (66,87) (66,96) (66,74) (66,93) (66,97) (66,100) (66,88) (66,80) (66,89) (66,83) (66,90) (66,69) (66,92) (66,70) (66,71) (66,78) (66,67) (66,75) (66,86) (66,84) (66,82) (66,99)
 (67,96) (67,85) (67,97) (67,78) (67,83) (67,90) (67,88) (67,84) (67,95) (67,92) (67,89) (67,94) (67,71) (67,77) (67,82) (67,99) (67,73) (67,69) (67,81) (67,98) (67,91) (67,75) (67,70) (67,87) (67,100)
 (68,87) (68,91) (68,92) (68,84) (68,70) (68,69) (68,96) (68,90) (68,93) (68,78) (68,97) (68,98) (68,74) (68,75) (68,79) (68,83) (68,88) (68,89) (68,72) (68,73) (68,94) (68,95) (68,77) (68,80) (68,81)
 (69,71) (69,77) (69,74) (69,78) (69,87) (69,79) (69,84) (69,85) (69,83) (69,72) (69,100) (69,99) (69,97) (69,73) (69,89) (69,82) (69,96) (69,80) (69,98) (69,91) (69,88) (69,90) (69,86)
 (70,89) (70,86) (70,73) (70,82) (70,96) (70,93) (70,75) (70,71) (70,76) (70,79) (70,94) (70,90) (70,88) (70,87) (70,72) (70,91) (70,77)
 (71,84) (71,90) (71,95) (71,94) (71,82) (71,81) (71,89) (71,85) (71,100) (71,99) (71,86) (71,87) (71,91) (71,77) (71,88) (71,96) (71,75) (71,79) (71,72)
 (72,75) (72,74) (72,78) (72,99) (72,80) (72,92) (72,90) (72,98) (72,73) (72,94) (72,82) (72,85) (72,88) (72,81) (72,84) (72,95) (72,100) (72,79) (72,97)
 (73,75) (73,77) (73,88) (73,85) (73,86) (73,87) (73,96) (73,74) (73,94) (73,82) (73,89) (73,98) (73,92) (73,79) (73,80) (73,93) (73,99) (73,78) (73,90)
 (74,86) (74,79) (74,95) (74,91) (74,89) (74,77) (74,100) (74,99) (74,98) (74,96) (74,92) (74,94) (74,97) (74,82) (74,85)
 (75,77) (75,79) (75,99) (75,91) (75,94) (75,85) (75,83) (75,92) (75,81) (75,82) (75,88) (75,89) (75,80) (75,97) (75,76) (75,84)
 (76,90) (76,99) (76,97) (76,82) (76,89) (76,84) (76,88) (76,94) (76,85) (76,87) (76,81) (76,86) (76,95) (76,91) (76,77) (76,78) (76,92) (76,93) (76,79) (76,98) (76,100) (76,80)
 (77,79) (77,98) (77,94) (77,100) (77,84) (77,92) (77,90) (77,91) (77,96) (77,87) (77,78) (77,82) (77,99) (77,95) (77,89) (77,93) (77,80) (77,97) (77,86)
 (78,100) (78,98) (78,96) (78,80) (78,90) (78,83) (78,97) (78,94) (78,87) (78,82) (78,95) (78,99) (78,84) (78,86) (78,93) (78,91) (78,88)
 (79,81) (79,83) (79,82) (79,96) (79,99) (79,80) (79,91) (79,90) (79,92) (79,87) (79,86) (79,88) (79,100) (79,98) (79,97)
 (80,95) (80,82) (80,88) (80,100) (80,89) (80,92) (80,85) (80,87) (80,99) (80,94) (80,83) (80,86) (80,91)
 (81,86) (81,99) (81,89) (81,87) (81,84) (81,98) (81,92) (81,88) (81,100) (81,85) (81,94) (81,82) (81,83) (81,90) (81,91)
 (82,88) (82,94) (82,87) (82,92) (82,91) (82,99) (82,84) (82,97) (82,89) (82,96) (82,86)
 (83,97) (83,84) (83,96) (83,99) (83,91) (83,86) (83,94) (83,90) (83,95) (83,85) (83,89)
 (84,96) (84,88) (84,90) (84,95) (84,85) (84,100) (84,86) (84,98) (84,99) (84,97)
 (85,86) (85,98) (85,94) (85,91) (85,88) (85,89) (85,90) (85,100) (85,96)
 (86,100) (86,91) (86,98) (86,87) (86,89) (86,94) (86,97) (86,88) (86,96)
 (87,99) (87,92) (87,94) (87,91) (87,98) (87,88) (87,96) (87,89) (87,100)
 (88,95) (88,96) (88,99) (88,90) (88,98) (88,89) (88,97) (88,100)
 (89,92) (89,91) (89,98) (89,97) (89,93) (89,96)
 (90,93) (90,98) (90,99) (90,94) (90,92) (90,100) (90,95)
 (91,99) (91,97) (91,95) (91,93) (91,92) (91,94)
 (92,95) (92,96) (92,98) (92,100) (92,93) (92,94)
 (93,94) (93,97) (93,95) (93,96) (93,99) (93,98) (93,100)
 (94,95) (94,98) (94,96) (94,97) (94,100)
 (95,98) (95,97) (95,100)
 (96,100) (96,99) (96,97) (96,98)
 (97,99) (97,100)
 (98,100) (98,99)
 (99,100)

;

set D0 := 
 (1,2) (5,7) (6,7) (7,8) (7,9) (9,10) (22,25) (23,25) (24,25) (26,27) (26,28) (26,29) (26,30) (27,29) (28,29) (29,30) (29,31) (29,32) (29,33) (29,34) (30,31) (30,32) (31,32) (33,36) (34,36) (35,36) (36,38) (37,38) (38,41) (39,41) (40,41) (43,45) (44,45) (45,47) (46,47) (56,57) (56,58) (58,59) (62,64) (63,64) (66,68) (67,68) (69,70) (74,75) (74,76) (78,79) (80,81) (82,83) (89,90) (90,91) (95,96) (97,98);

set Y0 := 
 (0,2,1) (0,3,1) (0,3,2) (0,4,1) (0,4,2) (0,4,3) (0,5,1) (0,5,2) (0,5,3) (0,5,4) (0,6,1) (0,6,2) (0,6,3) (0,6,4) (0,6,5) (0,7,1) (0,7,2) (0,7,3) (0,7,4) (0,7,5) (0,7,6) (0,8,1) (0,8,2) (0,8,3) (0,8,4) (0,8,5) (0,8,6) (0,8,7) (0,9,1) (0,9,2) (0,9,3) (0,9,4) (0,9,5) (0,9,6) (0,9,7) (0,9,8) (0,10,1) (0,10,2) (0,10,3) (0,10,4) (0,10,5) (0,10,6) (0,10,7) (0,10,8) (0,10,9) (0,11,1) (0,11,2) (0,11,3) (0,11,4) (0,11,5) (0,11,6) (0,11,7) (0,11,8) (0,11,9) (0,11,10) (0,12,1) (0,12,2) (0,12,3) (0,12,4) (0,12,5) (0,12,6) (0,12,7) (0,12,8) (0,12,9) (0,12,10) (0,12,11) (0,13,1) (0,13,2) (0,13,3) (0,13,4) (0,13,5) (0,13,6) (0,13,7) (0,13,8) (0,13,9) (0,13,10) (0,13,11) (0,13,12) (0,14,1) (0,14,2) (0,14,3) (0,14,4) (0,14,5) (0,14,6) (0,14,7) (0,14,8) (0,14,9) (0,14,10) (0,14,11) (0,14,12) (0,14,13) (0,15,1) (0,15,2) (0,15,3) (0,15,4) (0,15,5) (0,15,6) (0,15,7) (0,15,8) (0,15,9) (0,15,10) (0,15,11) (0,15,12) (0,15,13) (0,15,14) (0,16,1) (0,16,2) (0,16,3) (0,16,4) (0,16,5) (0,16,6) (0,16,7) (0,16,8) (0,16,9) (0,16,10) (0,16,11) (0,16,12) (0,16,13) (0,16,14) (0,16,15) (0,17,1) (0,17,2) (0,17,3) (0,17,4) (0,17,5) (0,17,6) (0,17,7) (0,17,8) (0,17,9) (0,17,10) (0,17,11) (0,17,12) (0,17,13) (0,17,14) (0,17,15) (0,17,16) (0,18,1) (0,18,2) (0,18,3) (0,18,4) (0,18,5) (0,18,6) (0,18,7) (0,18,8) (0,18,9) (0,18,10) (0,18,11) (0,18,12) (0,18,13) (0,18,14) (0,18,15) (0,18,16) (0,18,17) (0,19,1) (0,19,2) (0,19,3) (0,19,4) (0,19,5) (0,19,6) (0,19,7) (0,19,8) (0,19,9) (0,19,10) (0,19,11) (0,19,12) (0,19,13) (0,19,14) (0,19,15) (0,19,16) (0,19,17) (0,19,18) (0,20,1) (0,20,2) (0,20,3) (0,20,4) (0,20,5) (0,20,6) (0,20,7) (0,20,8) (0,20,9) (0,20,10) (0,20,11) (0,20,12) (0,20,13) (0,20,14) (0,20,15) (0,20,16) (0,20,17) (0,20,18) (0,20,19) (0,21,1) (0,21,2) (0,21,3) (0,21,4) (0,21,5) (0,21,6) (0,21,7) (0,21,8) (0,21,9) (0,21,10) (0,21,11) (0,21,12) (0,21,13) (0,21,14) (0,21,15) (0,21,16) (0,21,17) (0,21,18) (0,21,19) (0,21,20) (0,22,1) (0,22,2) (0,22,3) (0,22,4) (0,22,5) (0,22,6) (0,22,7) (0,22,8) (0,22,9) (0,22,10) (0,22,11) (0,22,12) (0,22,13) (0,22,14) (0,22,15) (0,22,16) (0,22,17) (0,22,18) (0,22,19) (0,22,20) (0,22,21) (0,23,1) (0,23,2) (0,23,3) (0,23,4) (0,23,5) (0,23,6) (0,23,7) (0,23,8) (0,23,9) (0,23,10) (0,23,11) (0,23,12) (0,23,13) (0,23,14) (0,23,15) (0,23,16) (0,23,17) (0,23,18) (0,23,19) (0,23,20) (0,23,21) (0,23,22) (0,24,1) (0,24,2) (0,24,3) (0,24,4) (0,24,5) (0,24,6) (0,24,7) (0,24,8) (0,24,9) (0,24,10) (0,24,11) (0,24,12) (0,24,13) (0,24,14) (0,24,15) (0,24,16) (0,24,17) (0,24,18) (0,24,19) (0,24,20) (0,24,21) (0,24,22) (0,24,23) (0,25,1) (0,25,2) (0,25,3) (0,25,4) (0,25,5) (0,25,6) (0,25,7) (0,25,8) (0,25,9) (0,25,10) (0,25,11) (0,25,12) (0,25,13) (0,25,14) (0,25,15) (0,25,16) (0,25,17) (0,25,18) (0,25,19) (0,25,20) (0,25,21) (0,25,22) (0,25,23) (0,25,24) (0,26,1) (0,26,2) (0,26,3) (0,26,4) (0,26,5) (0,26,6) (0,26,7) (0,26,8) (0,26,9) (0,26,10) (0,26,11) (0,26,12) (0,26,13) (0,26,14) (0,26,15) (0,26,16) (0,26,17) (0,26,18) (0,26,19) (0,26,20) (0,26,21) (0,26,22) (0,26,23) (0,26,24) (0,26,25) (0,27,1) (0,27,2) (0,27,3) (0,27,4) (0,27,5) (0,27,6) (0,27,7) (0,27,8) (0,27,9) (0,27,10) (0,27,11) (0,27,12) (0,27,13) (0,27,14) (0,27,15) (0,27,16) (0,27,17) (0,27,18) (0,27,19) (0,27,20) (0,27,21) (0,27,22) (0,27,23) (0,27,24) (0,27,25) (0,27,26) (0,28,1) (0,28,2) (0,28,3) (0,28,4) (0,28,5) (0,28,6) (0,28,7) (0,28,8) (0,28,9) (0,28,10) (0,28,11) (0,28,12) (0,28,13) (0,28,14) (0,28,15) (0,28,16) (0,28,17) (0,28,18) (0,28,19) (0,28,20) (0,28,21) (0,28,22) (0,28,23) (0,28,24) (0,28,25) (0,28,26) (0,28,27) (0,29,1) (0,29,2) (0,29,3) (0,29,4) (0,29,5) (0,29,6) (0,29,7) (0,29,8) (0,29,9) (0,29,10) (0,29,11) (0,29,12) (0,29,13) (0,29,14) (0,29,15) (0,29,16) (0,29,17) (0,29,18) (0,29,19) (0,29,20) (0,29,21) (0,29,22) (0,29,23) (0,29,24) (0,29,25) (0,29,26) (0,29,27) (0,29,28) (0,30,1) (0,30,2) (0,30,3) (0,30,4) (0,30,5) (0,30,6) (0,30,7) (0,30,8) (0,30,9) (0,30,10) (0,30,11) (0,30,12) (0,30,13) (0,30,14) (0,30,15) (0,30,16) (0,30,17) (0,30,18) (0,30,19) (0,30,20) (0,30,21) (0,30,22) (0,30,23) (0,30,24) (0,30,25) (0,30,26) (0,30,27) (0,30,28) (0,30,29) (0,31,1) (0,31,2) (0,31,3) (0,31,4) (0,31,5) (0,31,6) (0,31,7) (0,31,8) (0,31,9) (0,31,10) (0,31,11) (0,31,12) (0,31,13) (0,31,14) (0,31,15) (0,31,16) (0,31,17) (0,31,18) (0,31,19) (0,31,20) (0,31,21) (0,31,22) (0,31,23) (0,31,24) (0,31,25) (0,31,26) (0,31,27) (0,31,28) (0,31,29) (0,31,30) (0,32,1) (0,32,2) (0,32,3) (0,32,4) (0,32,5) (0,32,6) (0,32,7) (0,32,8) (0,32,9) (0,32,10) (0,32,11) (0,32,12) (0,32,13) (0,32,14) (0,32,15) (0,32,16) (0,32,17) (0,32,18) (0,32,19) (0,32,20) (0,32,21) (0,32,22) (0,32,23) (0,32,24) (0,32,25) (0,32,26) (0,32,27) (0,32,28) (0,32,29) (0,32,30) (0,32,31) (0,33,1) (0,33,2) (0,33,3) (0,33,4) (0,33,5) (0,33,6) (0,33,7) (0,33,8) (0,33,9) (0,33,10) (0,33,11) (0,33,12) (0,33,13) (0,33,14) (0,33,15) (0,33,16) (0,33,17) (0,33,18) (0,33,19) (0,33,20) (0,33,21) (0,33,22) (0,33,23) (0,33,24) (0,33,25) (0,33,26) (0,33,27) (0,33,28) (0,33,29) (0,33,30) (0,33,31) (0,33,32) (0,34,1) (0,34,2) (0,34,3) (0,34,4) (0,34,5) (0,34,6) (0,34,7) (0,34,8) (0,34,9) (0,34,10) (0,34,11) (0,34,12) (0,34,13) (0,34,14) (0,34,15) (0,34,16) (0,34,17) (0,34,18) (0,34,19) (0,34,20) (0,34,21) (0,34,22) (0,34,23) (0,34,24) (0,34,25) (0,34,26) (0,34,27) (0,34,28) (0,34,29) (0,34,30) (0,34,31) (0,34,32) (0,34,33) (0,35,1) (0,35,2) (0,35,3) (0,35,4) (0,35,5) (0,35,6) (0,35,7) (0,35,8) (0,35,9) (0,35,10) (0,35,11) (0,35,12) (0,35,13) (0,35,14) (0,35,15) (0,35,16) (0,35,17) (0,35,18) (0,35,19) (0,35,20) (0,35,21) (0,35,22) (0,35,23) (0,35,24) (0,35,25) (0,35,26) (0,35,27) (0,35,28) (0,35,29) (0,35,30) (0,35,31) (0,35,32) (0,35,33) (0,35,34) (0,36,1) (0,36,2) (0,36,3) (0,36,4) (0,36,5) (0,36,6) (0,36,7) (0,36,8) (0,36,9) (0,36,10) (0,36,11) (0,36,12) (0,36,13) (0,36,14) (0,36,15) (0,36,16) (0,36,17) (0,36,18) (0,36,19) (0,36,20) (0,36,21) (0,36,22) (0,36,23) (0,36,24) (0,36,25) (0,36,26) (0,36,27) (0,36,28) (0,36,29) (0,36,30) (0,36,31) (0,36,32) (0,36,33) (0,36,34) (0,36,35) (0,37,1) (0,37,2) (0,37,3) (0,37,4) (0,37,5) (0,37,6) (0,37,7) (0,37,8) (0,37,9) (0,37,10) (0,37,11) (0,37,12) (0,37,13) (0,37,14) (0,37,15) (0,37,16) (0,37,17) (0,37,18) (0,37,19) (0,37,20) (0,37,21) (0,37,22) (0,37,23) (0,37,24) (0,37,25) (0,37,26) (0,37,27) (0,37,28) (0,37,29) (0,37,30) (0,37,31) (0,37,32) (0,37,33) (0,37,34) (0,37,35) (0,37,36) (0,38,1) (0,38,2) (0,38,3) (0,38,4) (0,38,5) (0,38,6) (0,38,7) (0,38,8) (0,38,9) (0,38,10) (0,38,11) (0,38,12) (0,38,13) (0,38,14) (0,38,15) (0,38,16) (0,38,17) (0,38,18) (0,38,19) (0,38,20) (0,38,21) (0,38,22) (0,38,23) (0,38,24) (0,38,25) (0,38,26) (0,38,27) (0,38,28) (0,38,29) (0,38,30) (0,38,31) (0,38,32) (0,38,33) (0,38,34) (0,38,35) (0,38,36) (0,38,37) (0,39,1) (0,39,2) (0,39,3) (0,39,4) (0,39,5) (0,39,6) (0,39,7) (0,39,8) (0,39,9) (0,39,10) (0,39,11) (0,39,12) (0,39,13) (0,39,14) (0,39,15) (0,39,16) (0,39,17) (0,39,18) (0,39,19) (0,39,20) (0,39,21) (0,39,22) (0,39,23) (0,39,24) (0,39,25) (0,39,26) (0,39,27) (0,39,28) (0,39,29) (0,39,30) (0,39,31) (0,39,32) (0,39,33) (0,39,34) (0,39,35) (0,39,36) (0,39,37) (0,39,38) (0,40,1) (0,40,2) (0,40,3) (0,40,4) (0,40,5) (0,40,6) (0,40,7) (0,40,8) (0,40,9) (0,40,10) (0,40,11) (0,40,12) (0,40,13) (0,40,14) (0,40,15) (0,40,16) (0,40,17) (0,40,18) (0,40,19) (0,40,20) (0,40,21) (0,40,22) (0,40,23) (0,40,24) (0,40,25) (0,40,26) (0,40,27) (0,40,28) (0,40,29) (0,40,30) (0,40,31) (0,40,32) (0,40,33) (0,40,34) (0,40,35) (0,40,36) (0,40,37) (0,40,38) (0,40,39) (0,41,1) (0,41,2) (0,41,3) (0,41,4) (0,41,5) (0,41,6) (0,41,7) (0,41,8) (0,41,9) (0,41,10) (0,41,11) (0,41,12) (0,41,13) (0,41,14) (0,41,15) (0,41,16) (0,41,17) (0,41,18) (0,41,19) (0,41,20) (0,41,21) (0,41,22) (0,41,23) (0,41,24) (0,41,25) (0,41,26) (0,41,27) (0,41,28) (0,41,29) (0,41,30) (0,41,31) (0,41,32) (0,41,33) (0,41,34) (0,41,35) (0,41,36) (0,41,37) (0,41,38) (0,41,39) (0,41,40) (0,42,1) (0,42,2) (0,42,3) (0,42,4) (0,42,5) (0,42,6) (0,42,7) (0,42,8) (0,42,9) (0,42,10) (0,42,11) (0,42,12) (0,42,13) (0,42,14) (0,42,15) (0,42,16) (0,42,17) (0,42,18) (0,42,19) (0,42,20) (0,42,21) (0,42,22) (0,42,23) (0,42,24) (0,42,25) (0,42,26) (0,42,27) (0,42,28) (0,42,29) (0,42,30) (0,42,31) (0,42,32) (0,42,33) (0,42,34) (0,42,35) (0,42,36) (0,42,37) (0,42,38) (0,42,39) (0,42,40) (0,42,41) (0,43,1) (0,43,2) (0,43,3) (0,43,4) (0,43,5) (0,43,6) (0,43,7) (0,43,8) (0,43,9) (0,43,10) (0,43,11) (0,43,12) (0,43,13) (0,43,14) (0,43,15) (0,43,16) (0,43,17) (0,43,18) (0,43,19) (0,43,20) (0,43,21) (0,43,22) (0,43,23) (0,43,24) (0,43,25) (0,43,26) (0,43,27) (0,43,28) (0,43,29) (0,43,30) (0,43,31) (0,43,32) (0,43,33) (0,43,34) (0,43,35) (0,43,36) (0,43,37) (0,43,38) (0,43,39) (0,43,40) (0,43,41) (0,43,42) (0,44,1) (0,44,2) (0,44,3) (0,44,4) (0,44,5) (0,44,6) (0,44,7) (0,44,8) (0,44,9) (0,44,10) (0,44,11) (0,44,12) (0,44,13) (0,44,14) (0,44,15) (0,44,16) (0,44,17) (0,44,18) (0,44,19) (0,44,20) (0,44,21) (0,44,22) (0,44,23) (0,44,24) (0,44,25) (0,44,26) (0,44,27) (0,44,28) (0,44,29) (0,44,30) (0,44,31) (0,44,32) (0,44,33) (0,44,34) (0,44,35) (0,44,36) (0,44,37) (0,44,38) (0,44,39) (0,44,40) (0,44,41) (0,44,42) (0,44,43) (0,45,1) (0,45,2) (0,45,3) (0,45,4) (0,45,5) (0,45,6) (0,45,7) (0,45,8) (0,45,9) (0,45,10) (0,45,11) (0,45,12) (0,45,13) (0,45,14) (0,45,15) (0,45,16) (0,45,17) (0,45,18) (0,45,19) (0,45,20) (0,45,21) (0,45,22) (0,45,23) (0,45,24) (0,45,25) (0,45,26) (0,45,27) (0,45,28) (0,45,29) (0,45,30) (0,45,31) (0,45,32) (0,45,33) (0,45,34) (0,45,35) (0,45,36) (0,45,37) (0,45,38) (0,45,39) (0,45,40) (0,45,41) (0,45,42) (0,45,43) (0,45,44) (0,46,1) (0,46,2) (0,46,3) (0,46,4) (0,46,5) (0,46,6) (0,46,7) (0,46,8) (0,46,9) (0,46,10) (0,46,11) (0,46,12) (0,46,13) (0,46,14) (0,46,15) (0,46,16) (0,46,17) (0,46,18) (0,46,19) (0,46,20) (0,46,21) (0,46,22) (0,46,23) (0,46,24) (0,46,25) (0,46,26) (0,46,27) (0,46,28) (0,46,29) (0,46,30) (0,46,31) (0,46,32) (0,46,33) (0,46,34) (0,46,35) (0,46,36) (0,46,37) (0,46,38) (0,46,39) (0,46,40) (0,46,41) (0,46,42) (0,46,43) (0,46,44) (0,46,45) (0,47,1) (0,47,2) (0,47,3) (0,47,4) (0,47,5) (0,47,6) (0,47,7) (0,47,8) (0,47,9) (0,47,10) (0,47,11) (0,47,12) (0,47,13) (0,47,14) (0,47,15) (0,47,16) (0,47,17) (0,47,18) (0,47,19) (0,47,20) (0,47,21) (0,47,22) (0,47,23) (0,47,24) (0,47,25) (0,47,26) (0,47,27) (0,47,28) (0,47,29) (0,47,30) (0,47,31) (0,47,32) (0,47,33) (0,47,34) (0,47,35) (0,47,36) (0,47,37) (0,47,38) (0,47,39) (0,47,40) (0,47,41) (0,47,42) (0,47,43) (0,47,44) (0,47,45) (0,47,46) (0,48,1) (0,48,2) (0,48,3) (0,48,4) (0,48,5) (0,48,6) (0,48,7) (0,48,8) (0,48,9) (0,48,10) (0,48,11) (0,48,12) (0,48,13) (0,48,14) (0,48,15) (0,48,16) (0,48,17) (0,48,18) (0,48,19) (0,48,20) (0,48,21) (0,48,22) (0,48,23) (0,48,24) (0,48,25) (0,48,26) (0,48,27) (0,48,28) (0,48,29) (0,48,30) (0,48,31) (0,48,32) (0,48,33) (0,48,34) (0,48,35) (0,48,36) (0,48,37) (0,48,38) (0,48,39) (0,48,40) (0,48,41) (0,48,42) (0,48,43) (0,48,44) (0,48,45) (0,48,46) (0,48,47) (0,49,1) (0,49,2) (0,49,3) (0,49,4) (0,49,5) (0,49,6) (0,49,7) (0,49,8) (0,49,9) (0,49,10) (0,49,11) (0,49,12) (0,49,13) (0,49,14) (0,49,15) (0,49,16) (0,49,17) (0,49,18) (0,49,19) (0,49,20) (0,49,21) (0,49,22) (0,49,23) (0,49,24) (0,49,25) (0,49,26) (0,49,27) (0,49,28) (0,49,29) (0,49,30) (0,49,31) (0,49,32) (0,49,33) (0,49,34) (0,49,35) (0,49,36) (0,49,37) (0,49,38) (0,49,39) (0,49,40) (0,49,41) (0,49,42) (0,49,43) (0,49,44) (0,49,45) (0,49,46) (0,49,47) (0,49,48) (0,50,1) (0,50,2) (0,50,3) (0,50,4) (0,50,5) (0,50,6) (0,50,7) (0,50,8) (0,50,9) (0,50,10) (0,50,11) (0,50,12) (0,50,13) (0,50,14) (0,50,15) (0,50,16) (0,50,17) (0,50,18) (0,50,19) (0,50,20) (0,50,21) (0,50,22) (0,50,23) (0,50,24) (0,50,25) (0,50,26) (0,50,27) (0,50,28) (0,50,29) (0,50,30) (0,50,31) (0,50,32) (0,50,33) (0,50,34) (0,50,35) (0,50,36) (0,50,37) (0,50,38) (0,50,39) (0,50,40) (0,50,41) (0,50,42) (0,50,43) (0,50,44) (0,50,45) (0,50,46) (0,50,47) (0,50,48) (0,50,49) (0,51,1) (0,51,2) (0,51,3) (0,51,4) (0,51,5) (0,51,6) (0,51,7) (0,51,8) (0,51,9) (0,51,10) (0,51,11) (0,51,12) (0,51,13) (0,51,14) (0,51,15) (0,51,16) (0,51,17) (0,51,18) (0,51,19) (0,51,20) (0,51,21) (0,51,22) (0,51,23) (0,51,24) (0,51,25) (0,51,26) (0,51,27) (0,51,28) (0,51,29) (0,51,30) (0,51,31) (0,51,32) (0,51,33) (0,51,34) (0,51,35) (0,51,36) (0,51,37) (0,51,38) (0,51,39) (0,51,40) (0,51,41) (0,51,42) (0,51,43) (0,51,44) (0,51,45) (0,51,46) (0,51,47) (0,51,48) (0,51,49) (0,51,50) (0,52,1) (0,52,2) (0,52,3) (0,52,4) (0,52,5) (0,52,6) (0,52,7) (0,52,8) (0,52,9) (0,52,10) (0,52,11) (0,52,12) (0,52,13) (0,52,14) (0,52,15) (0,52,16) (0,52,17) (0,52,18) (0,52,19) (0,52,20) (0,52,21) (0,52,22) (0,52,23) (0,52,24) (0,52,25) (0,52,26) (0,52,27) (0,52,28) (0,52,29) (0,52,30) (0,52,31) (0,52,32) (0,52,33) (0,52,34) (0,52,35) (0,52,36) (0,52,37) (0,52,38) (0,52,39) (0,52,40) (0,52,41) (0,52,42) (0,52,43) (0,52,44) (0,52,45) (0,52,46) (0,52,47) (0,52,48) (0,52,49) (0,52,50) (0,52,51) (0,53,1) (0,53,2) (0,53,3) (0,53,4) (0,53,5) (0,53,6) (0,53,7) (0,53,8) (0,53,9) (0,53,10) (0,53,11) (0,53,12) (0,53,13) (0,53,14) (0,53,15) (0,53,16) (0,53,17) (0,53,18) (0,53,19) (0,53,20) (0,53,21) (0,53,22) (0,53,23) (0,53,24) (0,53,25) (0,53,26) (0,53,27) (0,53,28) (0,53,29) (0,53,30) (0,53,31) (0,53,32) (0,53,33) (0,53,34) (0,53,35) (0,53,36) (0,53,37) (0,53,38) (0,53,39) (0,53,40) (0,53,41) (0,53,42) (0,53,43) (0,53,44) (0,53,45) (0,53,46) (0,53,47) (0,53,48) (0,53,49) (0,53,50) (0,53,51) (0,53,52) (0,54,1) (0,54,2) (0,54,3) (0,54,4) (0,54,5) (0,54,6) (0,54,7) (0,54,8) (0,54,9) (0,54,10) (0,54,11) (0,54,12) (0,54,13) (0,54,14) (0,54,15) (0,54,16) (0,54,17) (0,54,18) (0,54,19) (0,54,20) (0,54,21) (0,54,22) (0,54,23) (0,54,24) (0,54,25) (0,54,26) (0,54,27) (0,54,28) (0,54,29) (0,54,30) (0,54,31) (0,54,32) (0,54,33) (0,54,34) (0,54,35) (0,54,36) (0,54,37) (0,54,38) (0,54,39) (0,54,40) (0,54,41) (0,54,42) (0,54,43) (0,54,44) (0,54,45) (0,54,46) (0,54,47) (0,54,48) (0,54,49) (0,54,50) (0,54,51) (0,54,52) (0,54,53) (0,55,1) (0,55,2) (0,55,3) (0,55,4) (0,55,5) (0,55,6) (0,55,7) (0,55,8) (0,55,9) (0,55,10) (0,55,11) (0,55,12) (0,55,13) (0,55,14) (0,55,15) (0,55,16) (0,55,17) (0,55,18) (0,55,19) (0,55,20) (0,55,21) (0,55,22) (0,55,23) (0,55,24) (0,55,25) (0,55,26) (0,55,27) (0,55,28) (0,55,29) (0,55,30) (0,55,31) (0,55,32) (0,55,33) (0,55,34) (0,55,35) (0,55,36) (0,55,37) (0,55,38) (0,55,39) (0,55,40) (0,55,41) (0,55,42) (0,55,43) (0,55,44) (0,55,45) (0,55,46) (0,55,47) (0,55,48) (0,55,49) (0,55,50) (0,55,51) (0,55,52) (0,55,53) (0,55,54) (0,56,1) (0,56,2) (0,56,3) (0,56,4) (0,56,5) (0,56,6) (0,56,7) (0,56,8) (0,56,9) (0,56,10) (0,56,11) (0,56,12) (0,56,13) (0,56,14) (0,56,15) (0,56,16) (0,56,17) (0,56,18) (0,56,19) (0,56,20) (0,56,21) (0,56,22) (0,56,23) (0,56,24) (0,56,25) (0,56,26) (0,56,27) (0,56,28) (0,56,29) (0,56,30) (0,56,31) (0,56,32) (0,56,33) (0,56,34) (0,56,35) (0,56,36) (0,56,37) (0,56,38) (0,56,39) (0,56,40) (0,56,41) (0,56,42) (0,56,43) (0,56,44) (0,56,45) (0,56,46) (0,56,47) (0,56,48) (0,56,49) (0,56,50) (0,56,51) (0,56,52) (0,56,53) (0,56,54) (0,56,55) (0,57,1) (0,57,2) (0,57,3) (0,57,4) (0,57,5) (0,57,6) (0,57,7) (0,57,8) (0,57,9) (0,57,10) (0,57,11) (0,57,12) (0,57,13) (0,57,14) (0,57,15) (0,57,16) (0,57,17) (0,57,18) (0,57,19) (0,57,20) (0,57,21) (0,57,22) (0,57,23) (0,57,24) (0,57,25) (0,57,26) (0,57,27) (0,57,28) (0,57,29) (0,57,30) (0,57,31) (0,57,32) (0,57,33) (0,57,34) (0,57,35) (0,57,36) (0,57,37) (0,57,38) (0,57,39) (0,57,40) (0,57,41) (0,57,42) (0,57,43) (0,57,44) (0,57,45) (0,57,46) (0,57,47) (0,57,48) (0,57,49) (0,57,50) (0,57,51) (0,57,52) (0,57,53) (0,57,54) (0,57,55) (0,57,56) (0,58,1) (0,58,2) (0,58,3) (0,58,4) (0,58,5) (0,58,6) (0,58,7) (0,58,8) (0,58,9) (0,58,10) (0,58,11) (0,58,12) (0,58,13) (0,58,14) (0,58,15) (0,58,16) (0,58,17) (0,58,18) (0,58,19) (0,58,20) (0,58,21) (0,58,22) (0,58,23) (0,58,24) (0,58,25) (0,58,26) (0,58,27) (0,58,28) (0,58,29) (0,58,30) (0,58,31) (0,58,32) (0,58,33) (0,58,34) (0,58,35) (0,58,36) (0,58,37) (0,58,38) (0,58,39) (0,58,40) (0,58,41) (0,58,42) (0,58,43) (0,58,44) (0,58,45) (0,58,46) (0,58,47) (0,58,48) (0,58,49) (0,58,50) (0,58,51) (0,58,52) (0,58,53) (0,58,54) (0,58,55) (0,58,56) (0,58,57) (0,59,1) (0,59,2) (0,59,3) (0,59,4) (0,59,5) (0,59,6) (0,59,7) (0,59,8) (0,59,9) (0,59,10) (0,59,11) (0,59,12) (0,59,13) (0,59,14) (0,59,15) (0,59,16) (0,59,17) (0,59,18) (0,59,19) (0,59,20) (0,59,21) (0,59,22) (0,59,23) (0,59,24) (0,59,25) (0,59,26) (0,59,27) (0,59,28) (0,59,29) (0,59,30) (0,59,31) (0,59,32) (0,59,33) (0,59,34) (0,59,35) (0,59,36) (0,59,37) (0,59,38) (0,59,39) (0,59,40) (0,59,41) (0,59,42) (0,59,43) (0,59,44) (0,59,45) (0,59,46) (0,59,47) (0,59,48) (0,59,49) (0,59,50) (0,59,51) (0,59,52) (0,59,53) (0,59,54) (0,59,55) (0,59,56) (0,59,57) (0,59,58) (0,60,1) (0,60,2) (0,60,3) (0,60,4) (0,60,5) (0,60,6) (0,60,7) (0,60,8) (0,60,9) (0,60,10) (0,60,11) (0,60,12) (0,60,13) (0,60,14) (0,60,15) (0,60,16) (0,60,17) (0,60,18) (0,60,19) (0,60,20) (0,60,21) (0,60,22) (0,60,23) (0,60,24) (0,60,25) (0,60,26) (0,60,27) (0,60,28) (0,60,29) (0,60,30) (0,60,31) (0,60,32) (0,60,33) (0,60,34) (0,60,35) (0,60,36) (0,60,37) (0,60,38) (0,60,39) (0,60,40) (0,60,41) (0,60,42) (0,60,43) (0,60,44) (0,60,45) (0,60,46) (0,60,47) (0,60,48) (0,60,49) (0,60,50) (0,60,51) (0,60,52) (0,60,53) (0,60,54) (0,60,55) (0,60,56) (0,60,57) (0,60,58) (0,60,59) (0,61,1) (0,61,2) (0,61,3) (0,61,4) (0,61,5) (0,61,6) (0,61,7) (0,61,8) (0,61,9) (0,61,10) (0,61,11) (0,61,12) (0,61,13) (0,61,14) (0,61,15) (0,61,16) (0,61,17) (0,61,18) (0,61,19) (0,61,20) (0,61,21) (0,61,22) (0,61,23) (0,61,24) (0,61,25) (0,61,26) (0,61,27) (0,61,28) (0,61,29) (0,61,30) (0,61,31) (0,61,32) (0,61,33) (0,61,34) (0,61,35) (0,61,36) (0,61,37) (0,61,38) (0,61,39) (0,61,40) (0,61,41) (0,61,42) (0,61,43) (0,61,44) (0,61,45) (0,61,46) (0,61,47) (0,61,48) (0,61,49) (0,61,50) (0,61,51) (0,61,52) (0,61,53) (0,61,54) (0,61,55) (0,61,56) (0,61,57) (0,61,58) (0,61,59) (0,61,60) (0,62,1) (0,62,2) (0,62,3) (0,62,4) (0,62,5) (0,62,6) (0,62,7) (0,62,8) (0,62,9) (0,62,10) (0,62,11) (0,62,12) (0,62,13) (0,62,14) (0,62,15) (0,62,16) (0,62,17) (0,62,18) (0,62,19) (0,62,20) (0,62,21) (0,62,22) (0,62,23) (0,62,24) (0,62,25) (0,62,26) (0,62,27) (0,62,28) (0,62,29) (0,62,30) (0,62,31) (0,62,32) (0,62,33) (0,62,34) (0,62,35) (0,62,36) (0,62,37) (0,62,38) (0,62,39) (0,62,40) (0,62,41) (0,62,42) (0,62,43) (0,62,44) (0,62,45) (0,62,46) (0,62,47) (0,62,48) (0,62,49) (0,62,50) (0,62,51) (0,62,52) (0,62,53) (0,62,54) (0,62,55) (0,62,56) (0,62,57) (0,62,58) (0,62,59) (0,62,60) (0,62,61) (0,63,1) (0,63,2) (0,63,3) (0,63,4) (0,63,5) (0,63,6) (0,63,7) (0,63,8) (0,63,9) (0,63,10) (0,63,11) (0,63,12) (0,63,13) (0,63,14) (0,63,15) (0,63,16) (0,63,17) (0,63,18) (0,63,19) (0,63,20) (0,63,21) (0,63,22) (0,63,23) (0,63,24) (0,63,25) (0,63,26) (0,63,27) (0,63,28) (0,63,29) (0,63,30) (0,63,31) (0,63,32) (0,63,33) (0,63,34) (0,63,35) (0,63,36) (0,63,37) (0,63,38) (0,63,39) (0,63,40) (0,63,41) (0,63,42) (0,63,43) (0,63,44) (0,63,45) (0,63,46) (0,63,47) (0,63,48) (0,63,49) (0,63,50) (0,63,51) (0,63,52) (0,63,53) (0,63,54) (0,63,55) (0,63,56) (0,63,57) (0,63,58) (0,63,59) (0,63,60) (0,63,61) (0,63,62) (0,64,1) (0,64,2) (0,64,3) (0,64,4) (0,64,5) (0,64,6) (0,64,7) (0,64,8) (0,64,9) (0,64,10) (0,64,11) (0,64,12) (0,64,13) (0,64,14) (0,64,15) (0,64,16) (0,64,17) (0,64,18) (0,64,19) (0,64,20) (0,64,21) (0,64,22) (0,64,23) (0,64,24) (0,64,25) (0,64,26) (0,64,27) (0,64,28) (0,64,29) (0,64,30) (0,64,31) (0,64,32) (0,64,33) (0,64,34) (0,64,35) (0,64,36) (0,64,37) (0,64,38) (0,64,39) (0,64,40) (0,64,41) (0,64,42) (0,64,43) (0,64,44) (0,64,45) (0,64,46) (0,64,47) (0,64,48) (0,64,49) (0,64,50) (0,64,51) (0,64,52) (0,64,53) (0,64,54) (0,64,55) (0,64,56) (0,64,57) (0,64,58) (0,64,59) (0,64,60) (0,64,61) (0,64,62) (0,64,63) (0,65,1) (0,65,2) (0,65,3) (0,65,4) (0,65,5) (0,65,6) (0,65,7) (0,65,8) (0,65,9) (0,65,10) (0,65,11) (0,65,12) (0,65,13) (0,65,14) (0,65,15) (0,65,16) (0,65,17) (0,65,18) (0,65,19) (0,65,20) (0,65,21) (0,65,22) (0,65,23) (0,65,24) (0,65,25) (0,65,26) (0,65,27) (0,65,28) (0,65,29) (0,65,30) (0,65,31) (0,65,32) (0,65,33) (0,65,34) (0,65,35) (0,65,36) (0,65,37) (0,65,38) (0,65,39) (0,65,40) (0,65,41) (0,65,42) (0,65,43) (0,65,44) (0,65,45) (0,65,46) (0,65,47) (0,65,48) (0,65,49) (0,65,50) (0,65,51) (0,65,52) (0,65,53) (0,65,54) (0,65,55) (0,65,56) (0,65,57) (0,65,58) (0,65,59) (0,65,60) (0,65,61) (0,65,62) (0,65,63) (0,65,64) (0,66,1) (0,66,2) (0,66,3) (0,66,4) (0,66,5) (0,66,6) (0,66,7) (0,66,8) (0,66,9) (0,66,10) (0,66,11) (0,66,12) (0,66,13) (0,66,14) (0,66,15) (0,66,16) (0,66,17) (0,66,18) (0,66,19) (0,66,20) (0,66,21) (0,66,22) (0,66,23) (0,66,24) (0,66,25) (0,66,26) (0,66,27) (0,66,28) (0,66,29) (0,66,30) (0,66,31) (0,66,32) (0,66,33) (0,66,34) (0,66,35) (0,66,36) (0,66,37) (0,66,38) (0,66,39) (0,66,40) (0,66,41) (0,66,42) (0,66,43) (0,66,44) (0,66,45) (0,66,46) (0,66,47) (0,66,48) (0,66,49) (0,66,50) (0,66,51) (0,66,52) (0,66,53) (0,66,54) (0,66,55) (0,66,56) (0,66,57) (0,66,58) (0,66,59) (0,66,60) (0,66,61) (0,66,62) (0,66,63) (0,66,64) (0,66,65) (0,67,1) (0,67,2) (0,67,3) (0,67,4) (0,67,5) (0,67,6) (0,67,7) (0,67,8) (0,67,9) (0,67,10) (0,67,11) (0,67,12) (0,67,13) (0,67,14) (0,67,15) (0,67,16) (0,67,17) (0,67,18) (0,67,19) (0,67,20) (0,67,21) (0,67,22) (0,67,23) (0,67,24) (0,67,25) (0,67,26) (0,67,27) (0,67,28) (0,67,29) (0,67,30) (0,67,31) (0,67,32) (0,67,33) (0,67,34) (0,67,35) (0,67,36) (0,67,37) (0,67,38) (0,67,39) (0,67,40) (0,67,41) (0,67,42) (0,67,43) (0,67,44) (0,67,45) (0,67,46) (0,67,47) (0,67,48) (0,67,49) (0,67,50) (0,67,51) (0,67,52) (0,67,53) (0,67,54) (0,67,55) (0,67,56) (0,67,57) (0,67,58) (0,67,59) (0,67,60) (0,67,61) (0,67,62) (0,67,63) (0,67,64) (0,67,65) (0,67,66) (0,68,1) (0,68,2) (0,68,3) (0,68,4) (0,68,5) (0,68,6) (0,68,7) (0,68,8) (0,68,9) (0,68,10) (0,68,11) (0,68,12) (0,68,13) (0,68,14) (0,68,15) (0,68,16) (0,68,17) (0,68,18) (0,68,19) (0,68,20) (0,68,21) (0,68,22) (0,68,23) (0,68,24) (0,68,25) (0,68,26) (0,68,27) (0,68,28) (0,68,29) (0,68,30) (0,68,31) (0,68,32) (0,68,33) (0,68,34) (0,68,35) (0,68,36) (0,68,37) (0,68,38) (0,68,39) (0,68,40) (0,68,41) (0,68,42) (0,68,43) (0,68,44) (0,68,45) (0,68,46) (0,68,47) (0,68,48) (0,68,49) (0,68,50) (0,68,51) (0,68,52) (0,68,53) (0,68,54) (0,68,55) (0,68,56) (0,68,57) (0,68,58) (0,68,59) (0,68,60) (0,68,61) (0,68,62) (0,68,63) (0,68,64) (0,68,65) (0,68,66) (0,68,67) (0,69,1) (0,69,2) (0,69,3) (0,69,4) (0,69,5) (0,69,6) (0,69,7) (0,69,8) (0,69,9) (0,69,10) (0,69,11) (0,69,12) (0,69,13) (0,69,14) (0,69,15) (0,69,16) (0,69,17) (0,69,18) (0,69,19) (0,69,20) (0,69,21) (0,69,22) (0,69,23) (0,69,24) (0,69,25) (0,69,26) (0,69,27) (0,69,28) (0,69,29) (0,69,30) (0,69,31) (0,69,32) (0,69,33) (0,69,34) (0,69,35) (0,69,36) (0,69,37) (0,69,38) (0,69,39) (0,69,40) (0,69,41) (0,69,42) (0,69,43) (0,69,44) (0,69,45) (0,69,46) (0,69,47) (0,69,48) (0,69,49) (0,69,50) (0,69,51) (0,69,52) (0,69,53) (0,69,54) (0,69,55) (0,69,56) (0,69,57) (0,69,58) (0,69,59) (0,69,60) (0,69,61) (0,69,62) (0,69,63) (0,69,64) (0,69,65) (0,69,66) (0,69,67) (0,69,68) (0,70,1) (0,70,2) (0,70,3) (0,70,4) (0,70,5) (0,70,6) (0,70,7) (0,70,8) (0,70,9) (0,70,10) (0,70,11) (0,70,12) (0,70,13) (0,70,14) (0,70,15) (0,70,16) (0,70,17) (0,70,18) (0,70,19) (0,70,20) (0,70,21) (0,70,22) (0,70,23) (0,70,24) (0,70,25) (0,70,26) (0,70,27) (0,70,28) (0,70,29) (0,70,30) (0,70,31) (0,70,32) (0,70,33) (0,70,34) (0,70,35) (0,70,36) (0,70,37) (0,70,38) (0,70,39) (0,70,40) (0,70,41) (0,70,42) (0,70,43) (0,70,44) (0,70,45) (0,70,46) (0,70,47) (0,70,48) (0,70,49) (0,70,50) (0,70,51) (0,70,52) (0,70,53) (0,70,54) (0,70,55) (0,70,56) (0,70,57) (0,70,58) (0,70,59) (0,70,60) (0,70,61) (0,70,62) (0,70,63) (0,70,64) (0,70,65) (0,70,66) (0,70,67) (0,70,68) (0,70,69) (0,71,1) (0,71,2) (0,71,3) (0,71,4) (0,71,5) (0,71,6) (0,71,7) (0,71,8) (0,71,9) (0,71,10) (0,71,11) (0,71,12) (0,71,13) (0,71,14) (0,71,15) (0,71,16) (0,71,17) (0,71,18) (0,71,19) (0,71,20) (0,71,21) (0,71,22) (0,71,23) (0,71,24) (0,71,25) (0,71,26) (0,71,27) (0,71,28) (0,71,29) (0,71,30) (0,71,31) (0,71,32) (0,71,33) (0,71,34) (0,71,35) (0,71,36) (0,71,37) (0,71,38) (0,71,39) (0,71,40) (0,71,41) (0,71,42) (0,71,43) (0,71,44) (0,71,45) (0,71,46) (0,71,47) (0,71,48) (0,71,49) (0,71,50) (0,71,51) (0,71,52) (0,71,53) (0,71,54) (0,71,55) (0,71,56) (0,71,57) (0,71,58) (0,71,59) (0,71,60) (0,71,61) (0,71,62) (0,71,63) (0,71,64) (0,71,65) (0,71,66) (0,71,67) (0,71,68) (0,71,69) (0,71,70) (0,72,1) (0,72,2) (0,72,3) (0,72,4) (0,72,5) (0,72,6) (0,72,7) (0,72,8) (0,72,9) (0,72,10) (0,72,11) (0,72,12) (0,72,13) (0,72,14) (0,72,15) (0,72,16) (0,72,17) (0,72,18) (0,72,19) (0,72,20) (0,72,21) (0,72,22) (0,72,23) (0,72,24) (0,72,25) (0,72,26) (0,72,27) (0,72,28) (0,72,29) (0,72,30) (0,72,31) (0,72,32) (0,72,33) (0,72,34) (0,72,35) (0,72,36) (0,72,37) (0,72,38) (0,72,39) (0,72,40) (0,72,41) (0,72,42) (0,72,43) (0,72,44) (0,72,45) (0,72,46) (0,72,47) (0,72,48) (0,72,49) (0,72,50) (0,72,51) (0,72,52) (0,72,53) (0,72,54) (0,72,55) (0,72,56) (0,72,57) (0,72,58) (0,72,59) (0,72,60) (0,72,61) (0,72,62) (0,72,63) (0,72,64) (0,72,65) (0,72,66) (0,72,67) (0,72,68) (0,72,69) (0,72,70) (0,72,71) (0,73,1) (0,73,2) (0,73,3) (0,73,4) (0,73,5) (0,73,6) (0,73,7) (0,73,8) (0,73,9) (0,73,10) (0,73,11) (0,73,12) (0,73,13) (0,73,14) (0,73,15) (0,73,16) (0,73,17) (0,73,18) (0,73,19) (0,73,20) (0,73,21) (0,73,22) (0,73,23) (0,73,24) (0,73,25) (0,73,26) (0,73,27) (0,73,28) (0,73,29) (0,73,30) (0,73,31) (0,73,32) (0,73,33) (0,73,34) (0,73,35) (0,73,36) (0,73,37) (0,73,38) (0,73,39) (0,73,40) (0,73,41) (0,73,42) (0,73,43) (0,73,44) (0,73,45) (0,73,46) (0,73,47) (0,73,48) (0,73,49) (0,73,50) (0,73,51) (0,73,52) (0,73,53) (0,73,54) (0,73,55) (0,73,56) (0,73,57) (0,73,58) (0,73,59) (0,73,60) (0,73,61) (0,73,62) (0,73,63) (0,73,64) (0,73,65) (0,73,66) (0,73,67) (0,73,68) (0,73,69) (0,73,70) (0,73,71) (0,73,72) (0,74,1) (0,74,2) (0,74,3) (0,74,4) (0,74,5) (0,74,6) (0,74,7) (0,74,8) (0,74,9) (0,74,10) (0,74,11) (0,74,12) (0,74,13) (0,74,14) (0,74,15) (0,74,16) (0,74,17) (0,74,18) (0,74,19) (0,74,20) (0,74,21) (0,74,22) (0,74,23) (0,74,24) (0,74,25) (0,74,26) (0,74,27) (0,74,28) (0,74,29) (0,74,30) (0,74,31) (0,74,32) (0,74,33) (0,74,34) (0,74,35) (0,74,36) (0,74,37) (0,74,38) (0,74,39) (0,74,40) (0,74,41) (0,74,42) (0,74,43) (0,74,44) (0,74,45) (0,74,46) (0,74,47) (0,74,48) (0,74,49) (0,74,50) (0,74,51) (0,74,52) (0,74,53) (0,74,54) (0,74,55) (0,74,56) (0,74,57) (0,74,58) (0,74,59) (0,74,60) (0,74,61) (0,74,62) (0,74,63) (0,74,64) (0,74,65) (0,74,66) (0,74,67) (0,74,68) (0,74,69) (0,74,70) (0,74,71) (0,74,72) (0,74,73) (0,75,1) (0,75,2) (0,75,3) (0,75,4) (0,75,5) (0,75,6) (0,75,7) (0,75,8) (0,75,9) (0,75,10) (0,75,11) (0,75,12) (0,75,13) (0,75,14) (0,75,15) (0,75,16) (0,75,17) (0,75,18) (0,75,19) (0,75,20) (0,75,21) (0,75,22) (0,75,23) (0,75,24) (0,75,25) (0,75,26) (0,75,27) (0,75,28) (0,75,29) (0,75,30) (0,75,31) (0,75,32) (0,75,33) (0,75,34) (0,75,35) (0,75,36) (0,75,37) (0,75,38) (0,75,39) (0,75,40) (0,75,41) (0,75,42) (0,75,43) (0,75,44) (0,75,45) (0,75,46) (0,75,47) (0,75,48) (0,75,49) (0,75,50) (0,75,51) (0,75,52) (0,75,53) (0,75,54) (0,75,55) (0,75,56) (0,75,57) (0,75,58) (0,75,59) (0,75,60) (0,75,61) (0,75,62) (0,75,63) (0,75,64) (0,75,65) (0,75,66) (0,75,67) (0,75,68) (0,75,69) (0,75,70) (0,75,71) (0,75,72) (0,75,73) (0,75,74) (0,76,1) (0,76,2) (0,76,3) (0,76,4) (0,76,5) (0,76,6) (0,76,7) (0,76,8) (0,76,9) (0,76,10) (0,76,11) (0,76,12) (0,76,13) (0,76,14) (0,76,15) (0,76,16) (0,76,17) (0,76,18) (0,76,19) (0,76,20) (0,76,21) (0,76,22) (0,76,23) (0,76,24) (0,76,25) (0,76,26) (0,76,27) (0,76,28) (0,76,29) (0,76,30) (0,76,31) (0,76,32) (0,76,33) (0,76,34) (0,76,35) (0,76,36) (0,76,37) (0,76,38) (0,76,39) (0,76,40) (0,76,41) (0,76,42) (0,76,43) (0,76,44) (0,76,45) (0,76,46) (0,76,47) (0,76,48) (0,76,49) (0,76,50) (0,76,51) (0,76,52) (0,76,53) (0,76,54) (0,76,55) (0,76,56) (0,76,57) (0,76,58) (0,76,59) (0,76,60) (0,76,61) (0,76,62) (0,76,63) (0,76,64) (0,76,65) (0,76,66) (0,76,67) (0,76,68) (0,76,69) (0,76,70) (0,76,71) (0,76,72) (0,76,73) (0,76,74) (0,76,75) (0,77,1) (0,77,2) (0,77,3) (0,77,4) (0,77,5) (0,77,6) (0,77,7) (0,77,8) (0,77,9) (0,77,10) (0,77,11) (0,77,12) (0,77,13) (0,77,14) (0,77,15) (0,77,16) (0,77,17) (0,77,18) (0,77,19) (0,77,20) (0,77,21) (0,77,22) (0,77,23) (0,77,24) (0,77,25) (0,77,26) (0,77,27) (0,77,28) (0,77,29) (0,77,30) (0,77,31) (0,77,32) (0,77,33) (0,77,34) (0,77,35) (0,77,36) (0,77,37) (0,77,38) (0,77,39) (0,77,40) (0,77,41) (0,77,42) (0,77,43) (0,77,44) (0,77,45) (0,77,46) (0,77,47) (0,77,48) (0,77,49) (0,77,50) (0,77,51) (0,77,52) (0,77,53) (0,77,54) (0,77,55) (0,77,56) (0,77,57) (0,77,58) (0,77,59) (0,77,60) (0,77,61) (0,77,62) (0,77,63) (0,77,64) (0,77,65) (0,77,66) (0,77,67) (0,77,68) (0,77,69) (0,77,70) (0,77,71) (0,77,72) (0,77,73) (0,77,74) (0,77,75) (0,77,76) (0,78,1) (0,78,2) (0,78,3) (0,78,4) (0,78,5) (0,78,6) (0,78,7) (0,78,8) (0,78,9) (0,78,10) (0,78,11) (0,78,12) (0,78,13) (0,78,14) (0,78,15) (0,78,16) (0,78,17) (0,78,18) (0,78,19) (0,78,20) (0,78,21) (0,78,22) (0,78,23) (0,78,24) (0,78,25) (0,78,26) (0,78,27) (0,78,28) (0,78,29) (0,78,30) (0,78,31) (0,78,32) (0,78,33) (0,78,34) (0,78,35) (0,78,36) (0,78,37) (0,78,38) (0,78,39) (0,78,40) (0,78,41) (0,78,42) (0,78,43) (0,78,44) (0,78,45) (0,78,46) (0,78,47) (0,78,48) (0,78,49) (0,78,50) (0,78,51) (0,78,52) (0,78,53) (0,78,54) (0,78,55) (0,78,56) (0,78,57) (0,78,58) (0,78,59) (0,78,60) (0,78,61) (0,78,62) (0,78,63) (0,78,64) (0,78,65) (0,78,66) (0,78,67) (0,78,68) (0,78,69) (0,78,70) (0,78,71) (0,78,72) (0,78,73) (0,78,74) (0,78,75) (0,78,76) (0,78,77) (0,79,1) (0,79,2) (0,79,3) (0,79,4) (0,79,5) (0,79,6) (0,79,7) (0,79,8) (0,79,9) (0,79,10) (0,79,11) (0,79,12) (0,79,13) (0,79,14) (0,79,15) (0,79,16) (0,79,17) (0,79,18) (0,79,19) (0,79,20) (0,79,21) (0,79,22) (0,79,23) (0,79,24) (0,79,25) (0,79,26) (0,79,27) (0,79,28) (0,79,29) (0,79,30) (0,79,31) (0,79,32) (0,79,33) (0,79,34) (0,79,35) (0,79,36) (0,79,37) (0,79,38) (0,79,39) (0,79,40) (0,79,41) (0,79,42) (0,79,43) (0,79,44) (0,79,45) (0,79,46) (0,79,47) (0,79,48) (0,79,49) (0,79,50) (0,79,51) (0,79,52) (0,79,53) (0,79,54) (0,79,55) (0,79,56) (0,79,57) (0,79,58) (0,79,59) (0,79,60) (0,79,61) (0,79,62) (0,79,63) (0,79,64) (0,79,65) (0,79,66) (0,79,67) (0,79,68) (0,79,69) (0,79,70) (0,79,71) (0,79,72) (0,79,73) (0,79,74) (0,79,75) (0,79,76) (0,79,77) (0,79,78) (0,80,1) (0,80,2) (0,80,3) (0,80,4) (0,80,5) (0,80,6) (0,80,7) (0,80,8) (0,80,9) (0,80,10) (0,80,11) (0,80,12) (0,80,13) (0,80,14) (0,80,15) (0,80,16) (0,80,17) (0,80,18) (0,80,19) (0,80,20) (0,80,21) (0,80,22) (0,80,23) (0,80,24) (0,80,25) (0,80,26) (0,80,27) (0,80,28) (0,80,29) (0,80,30) (0,80,31) (0,80,32) (0,80,33) (0,80,34) (0,80,35) (0,80,36) (0,80,37) (0,80,38) (0,80,39) (0,80,40) (0,80,41) (0,80,42) (0,80,43) (0,80,44) (0,80,45) (0,80,46) (0,80,47) (0,80,48) (0,80,49) (0,80,50) (0,80,51) (0,80,52) (0,80,53) (0,80,54) (0,80,55) (0,80,56) (0,80,57) (0,80,58) (0,80,59) (0,80,60) (0,80,61) (0,80,62) (0,80,63) (0,80,64) (0,80,65) (0,80,66) (0,80,67) (0,80,68) (0,80,69) (0,80,70) (0,80,71) (0,80,72) (0,80,73) (0,80,74) (0,80,75) (0,80,76) (0,80,77) (0,80,78) (0,80,79) (0,81,1) (0,81,2) (0,81,3) (0,81,4) (0,81,5) (0,81,6) (0,81,7) (0,81,8) (0,81,9) (0,81,10) (0,81,11) (0,81,12) (0,81,13) (0,81,14) (0,81,15) (0,81,16) (0,81,17) (0,81,18) (0,81,19) (0,81,20) (0,81,21) (0,81,22) (0,81,23) (0,81,24) (0,81,25) (0,81,26) (0,81,27) (0,81,28) (0,81,29) (0,81,30) (0,81,31) (0,81,32) (0,81,33) (0,81,34) (0,81,35) (0,81,36) (0,81,37) (0,81,38) (0,81,39) (0,81,40) (0,81,41) (0,81,42) (0,81,43) (0,81,44) (0,81,45) (0,81,46) (0,81,47) (0,81,48) (0,81,49) (0,81,50) (0,81,51) (0,81,52) (0,81,53) (0,81,54) (0,81,55) (0,81,56) (0,81,57) (0,81,58) (0,81,59) (0,81,60) (0,81,61) (0,81,62) (0,81,63) (0,81,64) (0,81,65) (0,81,66) (0,81,67) (0,81,68) (0,81,69) (0,81,70) (0,81,71) (0,81,72) (0,81,73) (0,81,74) (0,81,75) (0,81,76) (0,81,77) (0,81,78) (0,81,79) (0,81,80) (0,82,1) (0,82,2) (0,82,3) (0,82,4) (0,82,5) (0,82,6) (0,82,7) (0,82,8) (0,82,9) (0,82,10) (0,82,11) (0,82,12) (0,82,13) (0,82,14) (0,82,15) (0,82,16) (0,82,17) (0,82,18) (0,82,19) (0,82,20) (0,82,21) (0,82,22) (0,82,23) (0,82,24) (0,82,25) (0,82,26) (0,82,27) (0,82,28) (0,82,29) (0,82,30) (0,82,31) (0,82,32) (0,82,33) (0,82,34) (0,82,35) (0,82,36) (0,82,37) (0,82,38) (0,82,39) (0,82,40) (0,82,41) (0,82,42) (0,82,43) (0,82,44) (0,82,45) (0,82,46) (0,82,47) (0,82,48) (0,82,49) (0,82,50) (0,82,51) (0,82,52) (0,82,53) (0,82,54) (0,82,55) (0,82,56) (0,82,57) (0,82,58) (0,82,59) (0,82,60) (0,82,61) (0,82,62) (0,82,63) (0,82,64) (0,82,65) (0,82,66) (0,82,67) (0,82,68) (0,82,69) (0,82,70) (0,82,71) (0,82,72) (0,82,73) (0,82,74) (0,82,75) (0,82,76) (0,82,77) (0,82,78) (0,82,79) (0,82,80) (0,82,81) (0,83,1) (0,83,2) (0,83,3) (0,83,4) (0,83,5) (0,83,6) (0,83,7) (0,83,8) (0,83,9) (0,83,10) (0,83,11) (0,83,12) (0,83,13) (0,83,14) (0,83,15) (0,83,16) (0,83,17) (0,83,18) (0,83,19) (0,83,20) (0,83,21) (0,83,22) (0,83,23) (0,83,24) (0,83,25) (0,83,26) (0,83,27) (0,83,28) (0,83,29) (0,83,30) (0,83,31) (0,83,32) (0,83,33) (0,83,34) (0,83,35) (0,83,36) (0,83,37) (0,83,38) (0,83,39) (0,83,40) (0,83,41) (0,83,42) (0,83,43) (0,83,44) (0,83,45) (0,83,46) (0,83,47) (0,83,48) (0,83,49) (0,83,50) (0,83,51) (0,83,52) (0,83,53) (0,83,54) (0,83,55) (0,83,56) (0,83,57) (0,83,58) (0,83,59) (0,83,60) (0,83,61) (0,83,62) (0,83,63) (0,83,64) (0,83,65) (0,83,66) (0,83,67) (0,83,68) (0,83,69) (0,83,70) (0,83,71) (0,83,72) (0,83,73) (0,83,74) (0,83,75) (0,83,76) (0,83,77) (0,83,78) (0,83,79) (0,83,80) (0,83,81) (0,83,82) (0,84,1) (0,84,2) (0,84,3) (0,84,4) (0,84,5) (0,84,6) (0,84,7) (0,84,8) (0,84,9) (0,84,10) (0,84,11) (0,84,12) (0,84,13) (0,84,14) (0,84,15) (0,84,16) (0,84,17) (0,84,18) (0,84,19) (0,84,20) (0,84,21) (0,84,22) (0,84,23) (0,84,24) (0,84,25) (0,84,26) (0,84,27) (0,84,28) (0,84,29) (0,84,30) (0,84,31) (0,84,32) (0,84,33) (0,84,34) (0,84,35) (0,84,36) (0,84,37) (0,84,38) (0,84,39) (0,84,40) (0,84,41) (0,84,42) (0,84,43) (0,84,44) (0,84,45) (0,84,46) (0,84,47) (0,84,48) (0,84,49) (0,84,50) (0,84,51) (0,84,52) (0,84,53) (0,84,54) (0,84,55) (0,84,56) (0,84,57) (0,84,58) (0,84,59) (0,84,60) (0,84,61) (0,84,62) (0,84,63) (0,84,64) (0,84,65) (0,84,66) (0,84,67) (0,84,68) (0,84,69) (0,84,70) (0,84,71) (0,84,72) (0,84,73) (0,84,74) (0,84,75) (0,84,76) (0,84,77) (0,84,78) (0,84,79) (0,84,80) (0,84,81) (0,84,82) (0,84,83) (0,85,1) (0,85,2) (0,85,3) (0,85,4) (0,85,5) (0,85,6) (0,85,7) (0,85,8) (0,85,9) (0,85,10) (0,85,11) (0,85,12) (0,85,13) (0,85,14) (0,85,15) (0,85,16) (0,85,17) (0,85,18) (0,85,19) (0,85,20) (0,85,21) (0,85,22) (0,85,23) (0,85,24) (0,85,25) (0,85,26) (0,85,27) (0,85,28) (0,85,29) (0,85,30) (0,85,31) (0,85,32) (0,85,33) (0,85,34) (0,85,35) (0,85,36) (0,85,37) (0,85,38) (0,85,39) (0,85,40) (0,85,41) (0,85,42) (0,85,43) (0,85,44) (0,85,45) (0,85,46) (0,85,47) (0,85,48) (0,85,49) (0,85,50) (0,85,51) (0,85,52) (0,85,53) (0,85,54) (0,85,55) (0,85,56) (0,85,57) (0,85,58) (0,85,59) (0,85,60) (0,85,61) (0,85,62) (0,85,63) (0,85,64) (0,85,65) (0,85,66) (0,85,67) (0,85,68) (0,85,69) (0,85,70) (0,85,71) (0,85,72) (0,85,73) (0,85,74) (0,85,75) (0,85,76) (0,85,77) (0,85,78) (0,85,79) (0,85,80) (0,85,81) (0,85,82) (0,85,83) (0,85,84) (0,86,1) (0,86,2) (0,86,3) (0,86,4) (0,86,5) (0,86,6) (0,86,7) (0,86,8) (0,86,9) (0,86,10) (0,86,11) (0,86,12) (0,86,13) (0,86,14) (0,86,15) (0,86,16) (0,86,17) (0,86,18) (0,86,19) (0,86,20) (0,86,21) (0,86,22) (0,86,23) (0,86,24) (0,86,25) (0,86,26) (0,86,27) (0,86,28) (0,86,29) (0,86,30) (0,86,31) (0,86,32) (0,86,33) (0,86,34) (0,86,35) (0,86,36) (0,86,37) (0,86,38) (0,86,39) (0,86,40) (0,86,41) (0,86,42) (0,86,43) (0,86,44) (0,86,45) (0,86,46) (0,86,47) (0,86,48) (0,86,49) (0,86,50) (0,86,51) (0,86,52) (0,86,53) (0,86,54) (0,86,55) (0,86,56) (0,86,57) (0,86,58) (0,86,59) (0,86,60) (0,86,61) (0,86,62) (0,86,63) (0,86,64) (0,86,65) (0,86,66) (0,86,67) (0,86,68) (0,86,69) (0,86,70) (0,86,71) (0,86,72) (0,86,73) (0,86,74) (0,86,75) (0,86,76) (0,86,77) (0,86,78) (0,86,79) (0,86,80) (0,86,81) (0,86,82) (0,86,83) (0,86,84) (0,86,85) (0,87,1) (0,87,2) (0,87,3) (0,87,4) (0,87,5) (0,87,6) (0,87,7) (0,87,8) (0,87,9) (0,87,10) (0,87,11) (0,87,12) (0,87,13) (0,87,14) (0,87,15) (0,87,16) (0,87,17) (0,87,18) (0,87,19) (0,87,20) (0,87,21) (0,87,22) (0,87,23) (0,87,24) (0,87,25) (0,87,26) (0,87,27) (0,87,28) (0,87,29) (0,87,30) (0,87,31) (0,87,32) (0,87,33) (0,87,34) (0,87,35) (0,87,36) (0,87,37) (0,87,38) (0,87,39) (0,87,40) (0,87,41) (0,87,42) (0,87,43) (0,87,44) (0,87,45) (0,87,46) (0,87,47) (0,87,48) (0,87,49) (0,87,50) (0,87,51) (0,87,52) (0,87,53) (0,87,54) (0,87,55) (0,87,56) (0,87,57) (0,87,58) (0,87,59) (0,87,60) (0,87,61) (0,87,62) (0,87,63) (0,87,64) (0,87,65) (0,87,66) (0,87,67) (0,87,68) (0,87,69) (0,87,70) (0,87,71) (0,87,72) (0,87,73) (0,87,74) (0,87,75) (0,87,76) (0,87,77) (0,87,78) (0,87,79) (0,87,80) (0,87,81) (0,87,82) (0,87,83) (0,87,84) (0,87,85) (0,87,86) (0,88,1) (0,88,2) (0,88,3) (0,88,4) (0,88,5) (0,88,6) (0,88,7) (0,88,8) (0,88,9) (0,88,10) (0,88,11) (0,88,12) (0,88,13) (0,88,14) (0,88,15) (0,88,16) (0,88,17) (0,88,18) (0,88,19) (0,88,20) (0,88,21) (0,88,22) (0,88,23) (0,88,24) (0,88,25) (0,88,26) (0,88,27) (0,88,28) (0,88,29) (0,88,30) (0,88,31) (0,88,32) (0,88,33) (0,88,34) (0,88,35) (0,88,36) (0,88,37) (0,88,38) (0,88,39) (0,88,40) (0,88,41) (0,88,42) (0,88,43) (0,88,44) (0,88,45) (0,88,46) (0,88,47) (0,88,48) (0,88,49) (0,88,50) (0,88,51) (0,88,52) (0,88,53) (0,88,54) (0,88,55) (0,88,56) (0,88,57) (0,88,58) (0,88,59) (0,88,60) (0,88,61) (0,88,62) (0,88,63) (0,88,64) (0,88,65) (0,88,66) (0,88,67) (0,88,68) (0,88,69) (0,88,70) (0,88,71) (0,88,72) (0,88,73) (0,88,74) (0,88,75) (0,88,76) (0,88,77) (0,88,78) (0,88,79) (0,88,80) (0,88,81) (0,88,82) (0,88,83) (0,88,84) (0,88,85) (0,88,86) (0,88,87) (0,89,1) (0,89,2) (0,89,3) (0,89,4) (0,89,5) (0,89,6) (0,89,7) (0,89,8) (0,89,9) (0,89,10) (0,89,11) (0,89,12) (0,89,13) (0,89,14) (0,89,15) (0,89,16) (0,89,17) (0,89,18) (0,89,19) (0,89,20) (0,89,21) (0,89,22) (0,89,23) (0,89,24) (0,89,25) (0,89,26) (0,89,27) (0,89,28) (0,89,29) (0,89,30) (0,89,31) (0,89,32) (0,89,33) (0,89,34) (0,89,35) (0,89,36) (0,89,37) (0,89,38) (0,89,39) (0,89,40) (0,89,41) (0,89,42) (0,89,43) (0,89,44) (0,89,45) (0,89,46) (0,89,47) (0,89,48) (0,89,49) (0,89,50) (0,89,51) (0,89,52) (0,89,53) (0,89,54) (0,89,55) (0,89,56) (0,89,57) (0,89,58) (0,89,59) (0,89,60) (0,89,61) (0,89,62) (0,89,63) (0,89,64) (0,89,65) (0,89,66) (0,89,67) (0,89,68) (0,89,69) (0,89,70) (0,89,71) (0,89,72) (0,89,73) (0,89,74) (0,89,75) (0,89,76) (0,89,77) (0,89,78) (0,89,79) (0,89,80) (0,89,81) (0,89,82) (0,89,83) (0,89,84) (0,89,85) (0,89,86) (0,89,87) (0,89,88) (0,90,1) (0,90,2) (0,90,3) (0,90,4) (0,90,5) (0,90,6) (0,90,7) (0,90,8) (0,90,9) (0,90,10) (0,90,11) (0,90,12) (0,90,13) (0,90,14) (0,90,15) (0,90,16) (0,90,17) (0,90,18) (0,90,19) (0,90,20) (0,90,21) (0,90,22) (0,90,23) (0,90,24) (0,90,25) (0,90,26) (0,90,27) (0,90,28) (0,90,29) (0,90,30) (0,90,31) (0,90,32) (0,90,33) (0,90,34) (0,90,35) (0,90,36) (0,90,37) (0,90,38) (0,90,39) (0,90,40) (0,90,41) (0,90,42) (0,90,43) (0,90,44) (0,90,45) (0,90,46) (0,90,47) (0,90,48) (0,90,49) (0,90,50) (0,90,51) (0,90,52) (0,90,53) (0,90,54) (0,90,55) (0,90,56) (0,90,57) (0,90,58) (0,90,59) (0,90,60) (0,90,61) (0,90,62) (0,90,63) (0,90,64) (0,90,65) (0,90,66) (0,90,67) (0,90,68) (0,90,69) (0,90,70) (0,90,71) (0,90,72) (0,90,73) (0,90,74) (0,90,75) (0,90,76) (0,90,77) (0,90,78) (0,90,79) (0,90,80) (0,90,81) (0,90,82) (0,90,83) (0,90,84) (0,90,85) (0,90,86) (0,90,87) (0,90,88) (0,90,89) (0,91,1) (0,91,2) (0,91,3) (0,91,4) (0,91,5) (0,91,6) (0,91,7) (0,91,8) (0,91,9) (0,91,10) (0,91,11) (0,91,12) (0,91,13) (0,91,14) (0,91,15) (0,91,16) (0,91,17) (0,91,18) (0,91,19) (0,91,20) (0,91,21) (0,91,22) (0,91,23) (0,91,24) (0,91,25) (0,91,26) (0,91,27) (0,91,28) (0,91,29) (0,91,30) (0,91,31) (0,91,32) (0,91,33) (0,91,34) (0,91,35) (0,91,36) (0,91,37) (0,91,38) (0,91,39) (0,91,40) (0,91,41) (0,91,42) (0,91,43) (0,91,44) (0,91,45) (0,91,46) (0,91,47) (0,91,48) (0,91,49) (0,91,50) (0,91,51) (0,91,52) (0,91,53) (0,91,54) (0,91,55) (0,91,56) (0,91,57) (0,91,58) (0,91,59) (0,91,60) (0,91,61) (0,91,62) (0,91,63) (0,91,64) (0,91,65) (0,91,66) (0,91,67) (0,91,68) (0,91,69) (0,91,70) (0,91,71) (0,91,72) (0,91,73) (0,91,74) (0,91,75) (0,91,76) (0,91,77) (0,91,78) (0,91,79) (0,91,80) (0,91,81) (0,91,82) (0,91,83) (0,91,84) (0,91,85) (0,91,86) (0,91,87) (0,91,88) (0,91,89) (0,91,90) (0,92,1) (0,92,2) (0,92,3) (0,92,4) (0,92,5) (0,92,6) (0,92,7) (0,92,8) (0,92,9) (0,92,10) (0,92,11) (0,92,12) (0,92,13) (0,92,14) (0,92,15) (0,92,16) (0,92,17) (0,92,18) (0,92,19) (0,92,20) (0,92,21) (0,92,22) (0,92,23) (0,92,24) (0,92,25) (0,92,26) (0,92,27) (0,92,28) (0,92,29) (0,92,30) (0,92,31) (0,92,32) (0,92,33) (0,92,34) (0,92,35) (0,92,36) (0,92,37) (0,92,38) (0,92,39) (0,92,40) (0,92,41) (0,92,42) (0,92,43) (0,92,44) (0,92,45) (0,92,46) (0,92,47) (0,92,48) (0,92,49) (0,92,50) (0,92,51) (0,92,52) (0,92,53) (0,92,54) (0,92,55) (0,92,56) (0,92,57) (0,92,58) (0,92,59) (0,92,60) (0,92,61) (0,92,62) (0,92,63) (0,92,64) (0,92,65) (0,92,66) (0,92,67) (0,92,68) (0,92,69) (0,92,70) (0,92,71) (0,92,72) (0,92,73) (0,92,74) (0,92,75) (0,92,76) (0,92,77) (0,92,78) (0,92,79) (0,92,80) (0,92,81) (0,92,82) (0,92,83) (0,92,84) (0,92,85) (0,92,86) (0,92,87) (0,92,88) (0,92,89) (0,92,90) (0,92,91) (0,93,1) (0,93,2) (0,93,3) (0,93,4) (0,93,5) (0,93,6) (0,93,7) (0,93,8) (0,93,9) (0,93,10) (0,93,11) (0,93,12) (0,93,13) (0,93,14) (0,93,15) (0,93,16) (0,93,17) (0,93,18) (0,93,19) (0,93,20) (0,93,21) (0,93,22) (0,93,23) (0,93,24) (0,93,25) (0,93,26) (0,93,27) (0,93,28) (0,93,29) (0,93,30) (0,93,31) (0,93,32) (0,93,33) (0,93,34) (0,93,35) (0,93,36) (0,93,37) (0,93,38) (0,93,39) (0,93,40) (0,93,41) (0,93,42) (0,93,43) (0,93,44) (0,93,45) (0,93,46) (0,93,47) (0,93,48) (0,93,49) (0,93,50) (0,93,51) (0,93,52) (0,93,53) (0,93,54) (0,93,55) (0,93,56) (0,93,57) (0,93,58) (0,93,59) (0,93,60) (0,93,61) (0,93,62) (0,93,63) (0,93,64) (0,93,65) (0,93,66) (0,93,67) (0,93,68) (0,93,69) (0,93,70) (0,93,71) (0,93,72) (0,93,73) (0,93,74) (0,93,75) (0,93,76) (0,93,77) (0,93,78) (0,93,79) (0,93,80) (0,93,81) (0,93,82) (0,93,83) (0,93,84) (0,93,85) (0,93,86) (0,93,87) (0,93,88) (0,93,89) (0,93,90) (0,93,91) (0,93,92) (0,94,1) (0,94,2) (0,94,3) (0,94,4) (0,94,5) (0,94,6) (0,94,7) (0,94,8) (0,94,9) (0,94,10) (0,94,11) (0,94,12) (0,94,13) (0,94,14) (0,94,15) (0,94,16) (0,94,17) (0,94,18) (0,94,19) (0,94,20) (0,94,21) (0,94,22) (0,94,23) (0,94,24) (0,94,25) (0,94,26) (0,94,27) (0,94,28) (0,94,29) (0,94,30) (0,94,31) (0,94,32) (0,94,33) (0,94,34) (0,94,35) (0,94,36) (0,94,37) (0,94,38) (0,94,39) (0,94,40) (0,94,41) (0,94,42) (0,94,43) (0,94,44) (0,94,45) (0,94,46) (0,94,47) (0,94,48) (0,94,49) (0,94,50) (0,94,51) (0,94,52) (0,94,53) (0,94,54) (0,94,55) (0,94,56) (0,94,57) (0,94,58) (0,94,59) (0,94,60) (0,94,61) (0,94,62) (0,94,63) (0,94,64) (0,94,65) (0,94,66) (0,94,67) (0,94,68) (0,94,69) (0,94,70) (0,94,71) (0,94,72) (0,94,73) (0,94,74) (0,94,75) (0,94,76) (0,94,77) (0,94,78) (0,94,79) (0,94,80) (0,94,81) (0,94,82) (0,94,83) (0,94,84) (0,94,85) (0,94,86) (0,94,87) (0,94,88) (0,94,89) (0,94,90) (0,94,91) (0,94,92) (0,94,93) (0,95,1) (0,95,2) (0,95,3) (0,95,4) (0,95,5) (0,95,6) (0,95,7) (0,95,8) (0,95,9) (0,95,10) (0,95,11) (0,95,12) (0,95,13) (0,95,14) (0,95,15) (0,95,16) (0,95,17) (0,95,18) (0,95,19) (0,95,20) (0,95,21) (0,95,22) (0,95,23) (0,95,24) (0,95,25) (0,95,26) (0,95,27) (0,95,28) (0,95,29) (0,95,30) (0,95,31) (0,95,32) (0,95,33) (0,95,34) (0,95,35) (0,95,36) (0,95,37) (0,95,38) (0,95,39) (0,95,40) (0,95,41) (0,95,42) (0,95,43) (0,95,44) (0,95,45) (0,95,46) (0,95,47) (0,95,48) (0,95,49) (0,95,50) (0,95,51) (0,95,52) (0,95,53) (0,95,54) (0,95,55) (0,95,56) (0,95,57) (0,95,58) (0,95,59) (0,95,60) (0,95,61) (0,95,62) (0,95,63) (0,95,64) (0,95,65) (0,95,66) (0,95,67) (0,95,68) (0,95,69) (0,95,70) (0,95,71) (0,95,72) (0,95,73) (0,95,74) (0,95,75) (0,95,76) (0,95,77) (0,95,78) (0,95,79) (0,95,80) (0,95,81) (0,95,82) (0,95,83) (0,95,84) (0,95,85) (0,95,86) (0,95,87) (0,95,88) (0,95,89) (0,95,90) (0,95,91) (0,95,92) (0,95,93) (0,95,94) (0,96,1) (0,96,2) (0,96,3) (0,96,4) (0,96,5) (0,96,6) (0,96,7) (0,96,8) (0,96,9) (0,96,10) (0,96,11) (0,96,12) (0,96,13) (0,96,14) (0,96,15) (0,96,16) (0,96,17) (0,96,18) (0,96,19) (0,96,20) (0,96,21) (0,96,22) (0,96,23) (0,96,24) (0,96,25) (0,96,26) (0,96,27) (0,96,28) (0,96,29) (0,96,30) (0,96,31) (0,96,32) (0,96,33) (0,96,34) (0,96,35) (0,96,36) (0,96,37) (0,96,38) (0,96,39) (0,96,40) (0,96,41) (0,96,42) (0,96,43) (0,96,44) (0,96,45) (0,96,46) (0,96,47) (0,96,48) (0,96,49) (0,96,50) (0,96,51) (0,96,52) (0,96,53) (0,96,54) (0,96,55) (0,96,56) (0,96,57) (0,96,58) (0,96,59) (0,96,60) (0,96,61) (0,96,62) (0,96,63) (0,96,64) (0,96,65) (0,96,66) (0,96,67) (0,96,68) (0,96,69) (0,96,70) (0,96,71) (0,96,72) (0,96,73) (0,96,74) (0,96,75) (0,96,76) (0,96,77) (0,96,78) (0,96,79) (0,96,80) (0,96,81) (0,96,82) (0,96,83) (0,96,84) (0,96,85) (0,96,86) (0,96,87) (0,96,88) (0,96,89) (0,96,90) (0,96,91) (0,96,92) (0,96,93) (0,96,94) (0,96,95) (0,97,1) (0,97,2) (0,97,3) (0,97,4) (0,97,5) (0,97,6) (0,97,7) (0,97,8) (0,97,9) (0,97,10) (0,97,11) (0,97,12) (0,97,13) (0,97,14) (0,97,15) (0,97,16) (0,97,17) (0,97,18) (0,97,19) (0,97,20) (0,97,21) (0,97,22) (0,97,23) (0,97,24) (0,97,25) (0,97,26) (0,97,27) (0,97,28) (0,97,29) (0,97,30) (0,97,31) (0,97,32) (0,97,33) (0,97,34) (0,97,35) (0,97,36) (0,97,37) (0,97,38) (0,97,39) (0,97,40) (0,97,41) (0,97,42) (0,97,43) (0,97,44) (0,97,45) (0,97,46) (0,97,47) (0,97,48) (0,97,49) (0,97,50) (0,97,51) (0,97,52) (0,97,53) (0,97,54) (0,97,55) (0,97,56) (0,97,57) (0,97,58) (0,97,59) (0,97,60) (0,97,61) (0,97,62) (0,97,63) (0,97,64) (0,97,65) (0,97,66) (0,97,67) (0,97,68) (0,97,69) (0,97,70) (0,97,71) (0,97,72) (0,97,73) (0,97,74) (0,97,75) (0,97,76) (0,97,77) (0,97,78) (0,97,79) (0,97,80) (0,97,81) (0,97,82) (0,97,83) (0,97,84) (0,97,85) (0,97,86) (0,97,87) (0,97,88) (0,97,89) (0,97,90) (0,97,91) (0,97,92) (0,97,93) (0,97,94) (0,97,95) (0,97,96) (0,98,1) (0,98,2) (0,98,3) (0,98,4) (0,98,5) (0,98,6) (0,98,7) (0,98,8) (0,98,9) (0,98,10) (0,98,11) (0,98,12) (0,98,13) (0,98,14) (0,98,15) (0,98,16) (0,98,17) (0,98,18) (0,98,19) (0,98,20) (0,98,21) (0,98,22) (0,98,23) (0,98,24) (0,98,25) (0,98,26) (0,98,27) (0,98,28) (0,98,29) (0,98,30) (0,98,31) (0,98,32) (0,98,33) (0,98,34) (0,98,35) (0,98,36) (0,98,37) (0,98,38) (0,98,39) (0,98,40) (0,98,41) (0,98,42) (0,98,43) (0,98,44) (0,98,45) (0,98,46) (0,98,47) (0,98,48) (0,98,49) (0,98,50) (0,98,51) (0,98,52) (0,98,53) (0,98,54) (0,98,55) (0,98,56) (0,98,57) (0,98,58) (0,98,59) (0,98,60) (0,98,61) (0,98,62) (0,98,63) (0,98,64) (0,98,65) (0,98,66) (0,98,67) (0,98,68) (0,98,69) (0,98,70) (0,98,71) (0,98,72) (0,98,73) (0,98,74) (0,98,75) (0,98,76) (0,98,77) (0,98,78) (0,98,79) (0,98,80) (0,98,81) (0,98,82) (0,98,83) (0,98,84) (0,98,85) (0,98,86) (0,98,87) (0,98,88) (0,98,89) (0,98,90) (0,98,91) (0,98,92) (0,98,93) (0,98,94) (0,98,95) (0,98,96) (0,98,97) (0,99,1) (0,99,2) (0,99,3) (0,99,4) (0,99,5) (0,99,6) (0,99,7) (0,99,8) (0,99,9) (0,99,10) (0,99,11) (0,99,12) (0,99,13) (0,99,14) (0,99,15) (0,99,16) (0,99,17) (0,99,18) (0,99,19) (0,99,20) (0,99,21) (0,99,22) (0,99,23) (0,99,24) (0,99,25) (0,99,26) (0,99,27) (0,99,28) (0,99,29) (0,99,30) (0,99,31) (0,99,32) (0,99,33) (0,99,34) (0,99,35) (0,99,36) (0,99,37) (0,99,38) (0,99,39) (0,99,40) (0,99,41) (0,99,42) (0,99,43) (0,99,44) (0,99,45) (0,99,46) (0,99,47) (0,99,48) (0,99,49) (0,99,50) (0,99,51) (0,99,52) (0,99,53) (0,99,54) (0,99,55) (0,99,56) (0,99,57) (0,99,58) (0,99,59) (0,99,60) (0,99,61) (0,99,62) (0,99,63) (0,99,64) (0,99,65) (0,99,66) (0,99,67) (0,99,68) (0,99,69) (0,99,70) (0,99,71) (0,99,72) (0,99,73) (0,99,74) (0,99,75) (0,99,76) (0,99,77) (0,99,78) (0,99,79) (0,99,80) (0,99,81) (0,99,82) (0,99,83) (0,99,84) (0,99,85) (0,99,86) (0,99,87) (0,99,88) (0,99,89) (0,99,90) (0,99,91) (0,99,92) (0,99,93) (0,99,94) (0,99,95) (0,99,96) (0,99,97) (0,99,98) (0,100,1) (0,100,2) (0,100,3) (0,100,4) (0,100,5) (0,100,6) (0,100,7) (0,100,8) (0,100,9) (0,100,10) (0,100,11) (0,100,12) (0,100,13) (0,100,14) (0,100,15) (0,100,16) (0,100,17) (0,100,18) (0,100,19) (0,100,20) (0,100,21) (0,100,22) (0,100,23) (0,100,24) (0,100,25) (0,100,26) (0,100,27) (0,100,28) (0,100,29) (0,100,30) (0,100,31) (0,100,32) (0,100,33) (0,100,34) (0,100,35) (0,100,36) (0,100,37) (0,100,38) (0,100,39) (0,100,40) (0,100,41) (0,100,42) (0,100,43) (0,100,44) (0,100,45) (0,100,46) (0,100,47) (0,100,48) (0,100,49) (0,100,50) (0,100,51) (0,100,52) (0,100,53) (0,100,54) (0,100,55) (0,100,56) (0,100,57) (0,100,58) (0,100,59) (0,100,60) (0,100,61) (0,100,62) (0,100,63) (0,100,64) (0,100,65) (0,100,66) (0,100,67) (0,100,68) (0,100,69) (0,100,70) (0,100,71) (0,100,72) (0,100,73) (0,100,74) (0,100,75) (0,100,76) (0,100,77) (0,100,78) (0,100,79) (0,100,80) (0,100,81) (0,100,82) (0,100,83) (0,100,84) (0,100,85) (0,100,86) (0,100,87) (0,100,88) (0,100,89) (0,100,90) (0,100,91) (0,100,92) (0,100,93) (0,100,94) (0,100,95) (0,100,96) (0,100,97) (0,100,98) (0,100,99);

end;
