# n200plap3i4.txt

# 38 cluster
param p := 38 ;

# 200 vertici
set V := 
 1 2 3 4 5 6 7 8 9 10 11 12 13 14 15 16 17 18 19 20 21 22 23 24 25 26 27 28 29 30 31 32 33 34 35 36 37 38 39 40 41 42 43 44 45 46 47 48 49 50 51 52 53 54 55 56 57 58 59 60 61 62 63 64 65 66 67 68 69 70 71 72 73 74 75 76 77 78 79 80 81 82 83 84 85 86 87 88 89 90 91 92 93 94 95 96 97 98 99 100 101 102 103 104 105 106 107 108 109 110 111 112 113 114 115 116 117 118 119 120 121 122 123 124 125 126 127 128 129 130 131 132 133 134 135 136 137 138 139 140 141 142 143 144 145 146 147 148 149 150 151 152 153 154 155 156 157 158 159 160 161 162 163 164 165 166 167 168 169 170 171 172 173 174 175 176 177 178 179 180 181 182 183 184 185 186 187 188 189 190 191 192 193 194 195 196 197 198 199 200
;

param w := 
  1    2
  2    5
  3    5
  4    8
  5   10
  6   12
  7   12
  8   14
  9   16
 10   16
 11   18
 12   19
 13   21
 14   21
 15   22
 16   23
 17   25
 18   31
 19   33
 20   34
 21   35
 22   35
 23   36
 24   36
 25   39
 26   40
 27   40
 28   40
 29   41
 30   46
 31   47
 32   49
 33   50
 34   50
 35   51
 36   52
 37   53
 38   56
 39   57
 40   57
 41   58
 42   59
 43   59
 44   59
 45   59
 46   59
 47   61
 48   62
 49   64
 50   64
 51   65
 52   65
 53   67
 54   67
 55   67
 56   68
 57   69
 58   69
 59   70
 60   70
 61   71
 62   71
 63   72
 64   72
 65   72
 66   73
 67   74
 68   76
 69   77
 70   77
 71   80
 72   80
 73   80
 74   82
 75   84
 76   84
 77   86
 78   86
 79   87
 80   88
 81   88
 82   89
 83   90
 84   91
 85   91
 86   94
 87   95
 88   96
 89   97
 90   99
 91   99
 92  100
 93  101
 94  102
 95  102
 96  102
 97  103
 98  103
 99  103
100  103
101  103
102  104
103  105
104  106
105  106
106  106
107  106
108  108
109  108
110  111
111  111
112  112
113  113
114  115
115  115
116  116
117  116
118  117
119  117
120  117
121  118
122  119
123  121
124  121
125  122
126  125
127  125
128  126
129  127
130  127
131  128
132  129
133  130
134  131
135  132
136  133
137  133
138  133
139  133
140  133
141  135
142  136
143  136
144  136
145  137
146  138
147  139
148  140
149  143
150  143
151  144
152  145
153  146
154  146
155  147
156  150
157  151
158  152
159  152
160  153
161  155
162  155
163  157
164  158
165  158
166  160
167  162
168  162
169  162
170  162
171  166
172  167
173  168
174  170
175  170
176  170
177  174
178  174
179  175
180  175
181  175
182  178
183  179
184  180
185  182
186  183
187  185
188  187
189  189
190  190
191  190
192  192
193  193
194  194
195  196
196  197
197  198
198  198
199  199
200  199
;

# 1140 lati
set E := 
 (1,14) (1,90) (1,156) (1,164) (1,189) (1,151) (1,33)
 (2,93) (2,147) (2,105) (2,194) (2,48) (2,179) (2,64)
 (3,122) (3,173) (3,94) (3,22) (3,165) (3,38) (3,88) (3,12)
 (4,21) (4,31) (4,163)
 (5,45) (5,41) (5,99) (5,172) (5,61)
 (6,29) (6,7) (6,17) (6,80)
 (7,142) (7,83) (7,17) (7,177) (7,171) (7,37) (7,80)
 (8,192) (8,148)
 (9,26) (9,179) (9,193) (9,48) (9,116) (9,65)
 (10,23) (10,73) (10,131) (10,30) (10,144) (10,117) (10,141) (10,95) (10,54)
 (11,166) (11,76) (11,125) (11,97) (11,70) (11,21) (11,163) (11,121)
 (12,122) (12,187) (12,22) (12,30) (12,174) (12,153) (12,186)
 (13,178) (13,197) (13,78) (13,24) (13,101) (13,145) (13,159)
 (14,159) (14,189) (14,195) (14,156)
 (15,123) (15,191) (15,127)
 (16,94) (16,165) (16,185) (16,143)
 (17,37) (17,89) (17,180) (17,59) (17,29) (17,57)
 (18,169) (18,155)
 (19,83) (19,170) (19,142) (19,37) (19,104)
 (20,197) (20,24) (20,196) (20,109)
 (21,163) (21,70) (21,188) (21,31)
 (22,173) (22,153) (22,113)
 (23,144)
 (24,109) (24,197) (24,101) (24,38) (24,53)
 (25,86) (25,152) (25,111) (25,57) (25,75) (25,128) (25,126)
 (26,193) (26,160) (26,63) (26,65) (26,179) (26,68)
 (27,129) (27,176) (27,159) (27,189) (27,120) (27,101)
 (28,132) (28,88) (28,107)
 (29,80) (29,55) (29,99) (29,45) (29,89)
 (30,187) (30,174) (30,73) (30,54)
 (31,118) (31,163) (31,188)
 (32,124) (32,49) (32,87)
 (33,164) (33,90) (33,136)
 (34,57) (34,180) (34,111) (34,198)
 (35,103) (35,110) (35,138) (35,36) (35,98) (35,85)
 (36,184) (36,85) (36,98) (36,150)
 (37,104) (37,59) (37,83)
 (38,53) (38,52) (38,165) (38,173) (38,113) (38,101)
 (39,105) (39,124) (39,49) (39,93) (39,147) (39,177) (39,194)
 (40,158) (40,75) (40,120) (40,152) (40,151) (40,162) (40,71)
 (41,154) (41,172) (41,89) (41,74) (41,45)
 (42,125) (42,47) (42,51) (42,133) (42,150)
 (43,106) (43,119) (43,190) (43,56) (43,167) (43,76) (43,182)
 (44,100) (44,141)
 (45,99) (45,89)
 (46,55) (46,99) (46,148) (46,82)
 (47,133) (47,184) (47,150)
 (48,116) (48,179) (48,148) (48,65)
 (49,87) (49,194) (49,124) (49,191) (49,170) (49,58)
 (50,169) (50,163) (50,51) (50,125) (50,155) (50,118)
 (51,155) (51,125) (51,98) (51,150)
 (52,71) (52,66) (52,113) (52,101) (52,153)
 (53,109) (53,196) (53,165) (53,143)
 (54,183) (54,117) (54,152) (54,174) (54,146)
 (55,148) (55,99) (55,68) (55,80)
 (56,119) (56,136) (56,164) (56,190)
 (57,86) (57,180) (57,126) (57,89) (57,111) (57,154)
 (58,92) (58,123) (58,62) (58,194) (58,127) (58,81) (58,115) (58,191)
 (59,104) (59,140) (59,106) (59,180)
 (60,145) (60,69) (60,149) (60,143) (60,185) (60,195) (60,67)
 (61,117) (61,141) (61,100) (61,172) (61,99) (61,82)
 (62,92) (62,81) (62,115)
 (63,160) (63,171) (63,179) (63,64)
 (64,77) (64,105) (64,177) (64,171) (64,179)
 (65,193) (65,68) (65,148)
 (66,101) (66,176) (66,71)
 (67,195) (67,78) (67,145) (67,178)
 (68,80) (68,148) (68,160)
 (69,181) (69,168) (69,138) (69,185) (69,112) (69,149) (69,137)
 (70,114) (70,188) (70,115) (70,175) (70,121) (70,194)
 (71,153) (71,186) (71,120) (71,158) (71,176)
 (72,91) (72,117)
 (73,187) (73,95) (73,107) (73,132)
 (74,154) (74,126) (74,146) (74,152) (74,172)
 (75,128) (75,152) (75,151) (75,190)
 (76,200) (76,121) (76,166) (76,127) (76,119) (76,167)
 (77,171) (77,177)
 (78,178) (78,145)
 (79,108) (79,130)
 (80,171) (80,160)
 (81,114) (81,200) (81,127) (81,115)
 (82,148) (82,100) (82,99)
 (83,142)
 (84,111) (84,128) (84,182) (84,198) (84,157)
 (85,103) (85,136) (85,97) (85,184) (85,90) (85,96)
 (86,126)
 (87,142) (87,124) (87,170)
 (88,107) (88,102) (88,122) (88,132)
 (89,154)
 (90,156) (90,103) (90,136)
 (91,117)
 (92,115)
 (93,147) (93,194)
 (94,135) (94,165) (94,185) (94,199)
 (95,139) (95,108) (95,102) (95,107) (95,131)
 (96,133) (96,97) (96,125) (96,184)
 (97,136) (97,166) (97,125)
 (98,155) (98,150) (98,138) (98,169)

 (100,141) (100,148) (100,131) (100,130)
 (101,159) (101,176)
 (102,139) (102,107) (102,108)
 (103,110) (103,156)
 (104,170) (104,167) (104,106)
 (105,147) (105,177)
 (106,140) (106,167) (106,182)
 (107,139) (107,132)
 (108,131) (108,130)
 (109,196)
 (110,156) (110,134) (110,138)
 (111,198) (111,128)
 (112,149) (112,134) (112,138)
 (113,173) (113,153)
 (114,200) (114,115) (114,175)
 (115,194)
 (116,179)
 (117,146) (117,141) (117,172)
 (118,188) (118,163) (118,169)
 (119,166) (119,136)
 (120,189) (120,129) (120,176) (120,151)
 (121,175) (121,200)
 (122,132) (122,187)
 (123,127) (123,191)
 (124,142) (124,177)
 (125,163) (125,133)
 (126,152) (126,154)
 (127,191) (127,167) (127,200)
 (128,157) (128,190)
 (129,189)
 (130,131) (130,148)
 (131,141)
 (132,187)
 (133,184)
 (134,138) (134,149) (134,156)
 (135,199) (135,185) (135,168)
 (136,166) (136,164)
 (137,181) (137,185)
 (138,168) (138,199)

 (140,161) (140,180) (140,182)

 (142,177) (142,170)
 (143,165) (143,196) (143,185) (143,145)

 (145,197) (145,196)
 (146,172) (146,152)

 (148,192)
 (149,195) (149,156)
 (150,184)
 (151,189) (151,190) (151,164)
 (152,162) (152,183)
 (153,186)

 (155,169)
 (156,195)
 (157,190) (157,182)
 (158,162) (158,186)
 (159,178) (159,195) (159,189)
 (160,171)
 (161,180) (161,182) (161,198)
 (162,183) (162,174) (162,186)

 (164,190)


 (167,170) (167,191)
 (168,181) (168,185) (168,199)
 (169,188)
 (170,191)
 (171,177)


 (174,183) (174,186)
 (175,200)


 (178,195)

 (180,198)
 (181,185)
 (182,190) (182,198)





 (188,194)







 (196,197)




;

end;
