# n200d03p1i5.txt

# 5 cluster
param p := 5 ;

# 200 vertici
set V := 
 1 2 3 4 5 6 7 8 9 10 11 12 13 14 15 16 17 18 19 20 21 22 23 24 25 26 27 28 29 30 31 32 33 34 35 36 37 38 39 40 41 42 43 44 45 46 47 48 49 50 51 52 53 54 55 56 57 58 59 60 61 62 63 64 65 66 67 68 69 70 71 72 73 74 75 76 77 78 79 80 81 82 83 84 85 86 87 88 89 90 91 92 93 94 95 96 97 98 99 100 101 102 103 104 105 106 107 108 109 110 111 112 113 114 115 116 117 118 119 120 121 122 123 124 125 126 127 128 129 130 131 132 133 134 135 136 137 138 139 140 141 142 143 144 145 146 147 148 149 150 151 152 153 154 155 156 157 158 159 160 161 162 163 164 165 166 167 168 169 170 171 172 173 174 175 176 177 178 179 180 181 182 183 184 185 186 187 188 189 190 191 192 193 194 195 196 197 198 199 200
;

param w := 
  1    1
  2    2
  3    2
  4    2
  5    3
  6    4
  7    4
  8    5
  9    5
 10    5
 11    5
 12    5
 13    6
 14    7
 15    7
 16    7
 17    7
 18    7
 19    8
 20    8
 21    9
 22   12
 23   12
 24   15
 25   15
 26   16
 27   20
 28   20
 29   21
 30   22
 31   22
 32   23
 33   25
 34   26
 35   26
 36   26
 37   27
 38   28
 39   29
 40   29
 41   29
 42   30
 43   30
 44   31
 45   32
 46   33
 47   34
 48   35
 49   36
 50   37
 51   37
 52   37
 53   38
 54   39
 55   40
 56   41
 57   42
 58   43
 59   44
 60   44
 61   45
 62   46
 63   47
 64   49
 65   52
 66   52
 67   52
 68   53
 69   53
 70   55
 71   55
 72   58
 73   61
 74   62
 75   62
 76   63
 77   63
 78   63
 79   64
 80   64
 81   67
 82   69
 83   69
 84   70
 85   71
 86   72
 87   73
 88   74
 89   77
 90   78
 91   78
 92   81
 93   81
 94   82
 95   82
 96   83
 97   84
 98   85
 99   87
100   87
101   90
102   90
103   91
104   92
105   92
106   93
107   93
108   94
109   94
110   95
111   95
112   96
113   97
114  100
115  102
116  102
117  105
118  105
119  108
120  108
121  108
122  108
123  111
124  112
125  114
126  115
127  116
128  116
129  117
130  118
131  118
132  119
133  119
134  122
135  124
136  124
137  125
138  128
139  128
140  128
141  129
142  130
143  132
144  132
145  132
146  136
147  140
148  142
149  143
150  143
151  143
152  146
153  147
154  147
155  150
156  152
157  154
158  156
159  156
160  156
161  157
162  157
163  158
164  159
165  160
166  160
167  161
168  161
169  162
170  163
171  163
172  164
173  165
174  165
175  166
176  166
177  166
178  170
179  173
180  175
181  176
182  177
183  178
184  178
185  181
186  181
187  185
188  187
189  188
190  189
191  190
192  192
193  192
194  193
195  195
196  196
197  196
198  197
199  197
200  199
;

# 13266 lati
set E := 
 (1,50) (1,109) (1,138) (1,128) (1,115) (1,176) (1,191) (1,52) (1,179) (1,164) (1,144) (1,108) (1,82) (1,116) (1,60) (1,64) (1,130) (1,86) (1,163) (1,30) (1,127) (1,195) (1,199) (1,105) (1,140) (1,159) (1,44) (1,104) (1,90) (1,161) (1,83) (1,13) (1,113) (1,137) (1,26) (1,132) (1,158) (1,174) (1,153) (1,200) (1,72) (1,182) (1,124) (1,80) (1,89) (1,168) (1,198) (1,145) (1,49) (1,38) (1,180) (1,160) (1,53) (1,146) (1,81) (1,27) (1,189) (1,73) (1,59) (1,40) (1,14) (1,136)
 (2,71) (2,82) (2,183) (2,36) (2,134) (2,41) (2,11) (2,153) (2,84) (2,158) (2,62) (2,105) (2,10) (2,168) (2,75) (2,185) (2,126) (2,54) (2,192) (2,88) (2,30) (2,174) (2,124) (2,45) (2,60) (2,78) (2,101) (2,125) (2,112) (2,42) (2,22) (2,160) (2,12) (2,7) (2,196) (2,106) (2,142) (2,55) (2,127) (2,165) (2,57) (2,6) (2,68) (2,187) (2,148) (2,76) (2,166) (2,73) (2,157) (2,156) (2,193) (2,197) (2,65) (2,176) (2,39) (2,122) (2,94) (2,19) (2,32) (2,128) (2,50) (2,16) (2,161) (2,145) (2,150)
 (3,197) (3,59) (3,153) (3,93) (3,84) (3,129) (3,143) (3,68) (3,50) (3,16) (3,130) (3,41) (3,90) (3,48) (3,115) (3,194) (3,92) (3,87) (3,6) (3,42) (3,178) (3,163) (3,142) (3,35) (3,96) (3,60) (3,49) (3,34) (3,39) (3,147) (3,141) (3,36) (3,104) (3,53) (3,134) (3,106) (3,38) (3,45) (3,9) (3,62) (3,148) (3,151) (3,128) (3,131) (3,187) (3,43) (3,155) (3,199) (3,174) (3,117) (3,169) (3,165) (3,175) (3,186) (3,56) (3,140) (3,127) (3,167) (3,188) (3,137) (3,28) (3,17) (3,20) (3,37) (3,65) (3,8) (3,123) (3,79) (3,15)
 (4,18) (4,132) (4,48) (4,67) (4,33) (4,192) (4,150) (4,189) (4,149) (4,77) (4,80) (4,162) (4,190) (4,85) (4,69) (4,199) (4,194) (4,102) (4,60) (4,49) (4,7) (4,167) (4,58) (4,171) (4,97) (4,123) (4,93) (4,55) (4,88) (4,142) (4,115) (4,52) (4,70) (4,19) (4,26) (4,129) (4,81) (4,40) (4,16) (4,156) (4,24) (4,37) (4,134) (4,28) (4,161) (4,126) (4,34) (4,125) (4,45) (4,65) (4,99) (4,166) (4,36) (4,139) (4,94) (4,138) (4,51) (4,128) (4,30) (4,143) (4,39) (4,75) (4,11) (4,160)
 (5,148) (5,187) (5,43) (5,115) (5,75) (5,54) (5,96) (5,124) (5,191) (5,93) (5,199) (5,82) (5,55) (5,73) (5,190) (5,94) (5,139) (5,46) (5,71) (5,167) (5,23) (5,44) (5,140) (5,155) (5,154) (5,185) (5,59) (5,122) (5,163) (5,109) (5,135) (5,170) (5,9) (5,30) (5,136) (5,86) (5,39) (5,131) (5,70) (5,47) (5,164) (5,32) (5,42) (5,196) (5,197) (5,95) (5,103) (5,157) (5,172) (5,63) (5,116) (5,133) (5,90) (5,120) (5,110) (5,162) (5,56) (5,158) (5,176) (5,127) (5,74) (5,91) (5,99) (5,34) (5,25) (5,101) (5,24) (5,7) (5,22) (5,161) (5,49) (5,31) (5,40) (5,128) (5,20) (5,33) (5,8) (5,123) (5,132)
 (6,155) (6,45) (6,174) (6,48) (6,137) (6,60) (6,11) (6,73) (6,85) (6,177) (6,127) (6,64) (6,161) (6,10) (6,140) (6,185) (6,81) (6,32) (6,128) (6,122) (6,69) (6,121) (6,66) (6,15) (6,94) (6,62) (6,159) (6,158) (6,93) (6,136) (6,187) (6,87) (6,110) (6,22) (6,115) (6,7) (6,55) (6,24) (6,13) (6,133) (6,142) (6,21) (6,59) (6,146) (6,178) (6,96) (6,168) (6,40) (6,28) (6,105) (6,169) (6,120) (6,112) (6,138) (6,57) (6,129) (6,74) (6,65) (6,98) (6,163) (6,95) (6,101) (6,118)
 (7,126) (7,195) (7,64) (7,158) (7,16) (7,71) (7,55) (7,13) (7,199) (7,69) (7,162) (7,167) (7,112) (7,145) (7,96) (7,138) (7,98) (7,54) (7,119) (7,150) (7,66) (7,182) (7,94) (7,38) (7,63) (7,156) (7,25) (7,34) (7,106) (7,187) (7,127) (7,18) (7,8) (7,10) (7,72) (7,22) (7,93) (7,109) (7,179) (7,86) (7,70) (7,123) (7,154) (7,143) (7,84) (7,68) (7,110) (7,52) (7,73) (7,14) (7,185) (7,44) (7,124) (7,28) (7,30) (7,198) (7,9) (7,43) (7,137) (7,67) (7,193) (7,48) (7,171) (7,159) (7,140) (7,125) (7,36) (7,115) (7,107) (7,103) (7,90)
 (8,159) (8,70) (8,11) (8,163) (8,177) (8,61) (8,47) (8,123) (8,120) (8,182) (8,62) (8,117) (8,160) (8,21) (8,143) (8,63) (8,116) (8,97) (8,186) (8,18) (8,196) (8,73) (8,156) (8,121) (8,109) (8,189) (8,153) (8,58) (8,166) (8,75) (8,93) (8,51) (8,175) (8,30) (8,91) (8,104) (8,66) (8,87) (8,35) (8,82) (8,168) (8,36) (8,40) (8,129) (8,144) (8,84) (8,71) (8,67) (8,100) (8,157) (8,74) (8,103) (8,183) (8,69) (8,16) (8,78) (8,102) (8,68) (8,53) (8,171) (8,194) (8,148) (8,26) (8,25) (8,158) (8,17)
 (9,47) (9,150) (9,39) (9,198) (9,186) (9,12) (9,109) (9,112) (9,46) (9,81) (9,31) (9,122) (9,159) (9,74) (9,98) (9,78) (9,156) (9,53) (9,168) (9,132) (9,100) (9,131) (9,154) (9,88) (9,176) (9,17) (9,134) (9,63) (9,92) (9,130) (9,65) (9,163) (9,34) (9,95) (9,140) (9,194) (9,76) (9,123) (9,57) (9,127) (9,187) (9,22) (9,153) (9,191) (9,185) (9,141) (9,113) (9,117) (9,162) (9,26) (9,124) (9,178) (9,125) (9,184) (9,30) (9,70) (9,179) (9,27) (9,170) (9,104) (9,160) (9,25) (9,180) (9,50) (9,182) (9,85)
 (10,86) (10,163) (10,63) (10,41) (10,154) (10,106) (10,40) (10,54) (10,142) (10,21) (10,93) (10,29) (10,71) (10,30) (10,15) (10,175) (10,48) (10,159) (10,99) (10,187) (10,168) (10,75) (10,121) (10,150) (10,70) (10,112) (10,33) (10,110) (10,169) (10,179) (10,130) (10,127) (10,164) (10,58) (10,188) (10,191) (10,66) (10,128) (10,61) (10,189) (10,51) (10,180) (10,148) (10,174) (10,23) (10,178) (10,42) (10,100) (10,115) (10,195) (10,200) (10,114) (10,141) (10,129) (10,52) (10,101) (10,57) (10,107) (10,68) (10,132)
 (11,174) (11,58) (11,136) (11,73) (11,65) (11,28) (11,72) (11,93) (11,23) (11,70) (11,166) (11,84) (11,139) (11,135) (11,97) (11,49) (11,78) (11,125) (11,61) (11,146) (11,162) (11,137) (11,24) (11,50) (11,176) (11,103) (11,75) (11,95) (11,98) (11,110) (11,152) (11,59) (11,160) (11,169) (11,133) (11,129) (11,80) (11,105) (11,151) (11,22) (11,156) (11,109) (11,53) (11,199) (11,196) (11,29) (11,163) (11,51) (11,19) (11,188) (11,187) (11,189) (11,48) (11,186) (11,52) (11,115) (11,153) (11,140) (11,102) (11,183)
 (12,142) (12,35) (12,82) (12,103) (12,181) (12,199) (12,81) (12,69) (12,53) (12,149) (12,184) (12,52) (12,65) (12,120) (12,163) (12,96) (12,156) (12,21) (12,112) (12,61) (12,174) (12,135) (12,194) (12,125) (12,88) (12,138) (12,165) (12,91) (12,180) (12,51) (12,188) (12,172) (12,56) (12,19) (12,143) (12,46) (12,32) (12,185) (12,145) (12,183) (12,54) (12,80) (12,99) (12,141) (12,114) (12,48) (12,116) (12,97) (12,161) (12,50) (12,122) (12,159) (12,198) (12,33) (12,86) (12,85) (12,128) (12,177) (12,132) (12,134) (12,195)
 (13,172) (13,60) (13,20) (13,109) (13,139) (13,32) (13,33) (13,121) (13,14) (13,87) (13,61) (13,50) (13,81) (13,160) (13,117) (13,88) (13,170) (13,93) (13,111) (13,56) (13,167) (13,16) (13,62) (13,72) (13,193) (13,115) (13,36) (13,67) (13,104) (13,135) (13,184) (13,189) (13,187) (13,69) (13,94) (13,159) (13,51) (13,38) (13,75) (13,97) (13,29) (13,155) (13,148) (13,64) (13,66) (13,37) (13,18) (13,71) (13,46) (13,199) (13,15) (13,23) (13,173) (13,140) (13,113) (13,70) (13,131) (13,129) (13,128) (13,171) (13,102) (13,192) (13,178) (13,90) (13,126) (13,149)
 (14,196) (14,56) (14,128) (14,161) (14,27) (14,193) (14,185) (14,183) (14,166) (14,127) (14,36) (14,122) (14,58) (14,111) (14,80) (14,64) (14,114) (14,146) (14,35) (14,73) (14,28) (14,181) (14,87) (14,101) (14,52) (14,118) (14,179) (14,124) (14,31) (14,133) (14,76) (14,86) (14,157) (14,53) (14,138) (14,167) (14,42) (14,106) (14,131) (14,123) (14,155) (14,195) (14,44) (14,152) (14,25) (14,39) (14,21) (14,134) (14,18) (14,104) (14,49) (14,95) (14,150) (14,17) (14,19) (14,77) (14,91) (14,41) (14,158) (14,176) (14,184) (14,62) (14,51) (14,68) (14,45) (14,16) (14,163) (14,145) (14,23) (14,75) (14,92) (14,47) (14,190) (14,135) (14,200)
 (15,29) (15,103) (15,121) (15,151) (15,33) (15,182) (15,166) (15,194) (15,58) (15,159) (15,180) (15,143) (15,84) (15,66) (15,146) (15,142) (15,170) (15,116) (15,164) (15,176) (15,167) (15,126) (15,30) (15,130) (15,72) (15,168) (15,19) (15,197) (15,149) (15,95) (15,198) (15,16) (15,25) (15,101) (15,79) (15,82) (15,90) (15,123) (15,186) (15,188) (15,174) (15,36) (15,17) (15,108) (15,135) (15,38) (15,92) (15,41) (15,157) (15,91) (15,45) (15,80) (15,39) (15,49) (15,48) (15,56) (15,55) (15,27) (15,85) (15,42)
 (16,93) (16,142) (16,117) (16,192) (16,80) (16,101) (16,174) (16,88) (16,104) (16,161) (16,155) (16,186) (16,185) (16,37) (16,164) (16,39) (16,18) (16,75) (16,183) (16,200) (16,77) (16,65) (16,24) (16,124) (16,152) (16,116) (16,85) (16,140) (16,20) (16,149) (16,112) (16,135) (16,170) (16,166) (16,196) (16,118) (16,114) (16,96) (16,111) (16,153) (16,44) (16,145) (16,40) (16,98) (16,158) (16,23) (16,62) (16,130) (16,177) (16,71) (16,90) (16,57) (16,74) (16,163) (16,115) (16,34) (16,60) (16,188) (16,82) (16,31) (16,28) (16,199) (16,195) (16,26) (16,107) (16,89) (16,53) (16,97) (16,131) (16,156) (16,95) (16,21) (16,169)
 (17,132) (17,34) (17,35) (17,191) (17,115) (17,73) (17,126) (17,43) (17,82) (17,155) (17,77) (17,99) (17,171) (17,129) (17,197) (17,71) (17,200) (17,154) (17,42) (17,134) (17,109) (17,144) (17,110) (17,24) (17,143) (17,172) (17,175) (17,19) (17,153) (17,147) (17,38) (17,174) (17,72) (17,90) (17,140) (17,173) (17,161) (17,178) (17,158) (17,188) (17,186) (17,184) (17,164) (17,64) (17,54) (17,80) (17,63) (17,176) (17,62) (17,78) (17,39) (17,85) (17,149) (17,92) (17,29) (17,55) (17,87) (17,46) (17,37) (17,194) (17,67) (17,60) (17,113)
 (18,49) (18,24) (18,142) (18,81) (18,102) (18,192) (18,65) (18,66) (18,25) (18,184) (18,141) (18,140) (18,61) (18,159) (18,177) (18,53) (18,107) (18,148) (18,27) (18,39) (18,181) (18,191) (18,124) (18,101) (18,145) (18,161) (18,26) (18,116) (18,64) (18,118) (18,193) (18,158) (18,22) (18,79) (18,130) (18,35) (18,186) (18,52) (18,151) (18,137) (18,132) (18,21) (18,117) (18,139) (18,111) (18,189) (18,170) (18,149) (18,32) (18,23) (18,146) (18,33) (18,133) (18,172) (18,199) (18,89) (18,91) (18,103) (18,58) (18,162)
 (19,25) (19,153) (19,52) (19,21) (19,64) (19,89) (19,51) (19,23) (19,127) (19,156) (19,134) (19,95) (19,171) (19,135) (19,86) (19,65) (19,185) (19,126) (19,70) (19,62) (19,46) (19,40) (19,172) (19,33) (19,87) (19,178) (19,61) (19,78) (19,137) (19,76) (19,49) (19,22) (19,157) (19,63) (19,162) (19,71) (19,183) (19,152) (19,43) (19,77) (19,198) (19,151) (19,121) (19,130) (19,199) (19,176) (19,197) (19,31) (19,88) (19,146) (19,193) (19,47) (19,175)
 (20,151) (20,77) (20,108) (20,37) (20,125) (20,85) (20,88) (20,167) (20,116) (20,154) (20,162) (20,24) (20,68) (20,62) (20,63) (20,130) (20,156) (20,59) (20,159) (20,166) (20,171) (20,21) (20,132) (20,94) (20,120) (20,200) (20,91) (20,129) (20,155) (20,34) (20,152) (20,104) (20,112) (20,78) (20,42) (20,46) (20,191) (20,55) (20,33) (20,89) (20,96) (20,163) (20,193) (20,194) (20,98) (20,113) (20,148) (20,97) (20,49) (20,147) (20,127) (20,179) (20,45) (20,44) (20,149) (20,43) (20,126) (20,26) (20,153) (20,122) (20,128) (20,135) (20,52) (20,30) (20,35) (20,100)
 (21,38) (21,193) (21,59) (21,82) (21,177) (21,120) (21,189) (21,53) (21,87) (21,154) (21,156) (21,50) (21,65) (21,146) (21,138) (21,31) (21,144) (21,162) (21,168) (21,90) (21,36) (21,96) (21,91) (21,116) (21,103) (21,174) (21,123) (21,148) (21,178) (21,153) (21,28) (21,197) (21,46) (21,133) (21,41) (21,184) (21,95) (21,149) (21,155) (21,145) (21,185) (21,54) (21,58) (21,163) (21,111) (21,30) (21,128) (21,196) (21,92) (21,52) (21,64) (21,61) (21,72) (21,183) (21,199)
 (22,111) (22,155) (22,114) (22,25) (22,187) (22,183) (22,97) (22,189) (22,125) (22,29) (22,101) (22,52) (22,89) (22,182) (22,170) (22,178) (22,123) (22,144) (22,184) (22,94) (22,33) (22,68) (22,85) (22,112) (22,34) (22,199) (22,122) (22,43) (22,150) (22,103) (22,88) (22,121) (22,192) (22,44) (22,40) (22,149) (22,66) (22,102) (22,117) (22,194) (22,137) (22,64) (22,36) (22,73) (22,138) (22,28) (22,129) (22,132) (22,84) (22,26) (22,163) (22,118) (22,153) (22,190) (22,71) (22,35) (22,124) (22,82) (22,152)
 (23,95) (23,75) (23,183) (23,128) (23,81) (23,38) (23,88) (23,116) (23,73) (23,115) (23,145) (23,142) (23,66) (23,166) (23,126) (23,43) (23,174) (23,33) (23,44) (23,93) (23,61) (23,163) (23,69) (23,132) (23,101) (23,138) (23,118) (23,133) (23,24) (23,36) (23,111) (23,30) (23,113) (23,182) (23,92) (23,27) (23,121) (23,123) (23,109) (23,41) (23,165) (23,124) (23,98) (23,136) (23,192) (23,65) (23,140) (23,57) (23,83) (23,144) (23,77) (23,62) (23,67) (23,86) (23,189) (23,152) (23,200) (23,197) (23,47) (23,110) (23,191)
 (24,98) (24,196) (24,172) (24,51) (24,45) (24,35) (24,183) (24,97) (24,80) (24,142) (24,118) (24,120) (24,94) (24,100) (24,74) (24,166) (24,177) (24,185) (24,103) (24,131) (24,83) (24,25) (24,58) (24,59) (24,32) (24,70) (24,88) (24,61) (24,200) (24,160) (24,179) (24,140) (24,92) (24,122) (24,72) (24,41) (24,89) (24,156) (24,143) (24,144) (24,186) (24,171) (24,126) (24,123) (24,163) (24,130) (24,117) (24,104) (24,178) (24,121) (24,62) (24,81) (24,147) (24,116) (24,85) (24,175) (24,108) (24,30) (24,91)
 (25,127) (25,103) (25,95) (25,162) (25,175) (25,32) (25,77) (25,91) (25,128) (25,165) (25,148) (25,48) (25,40) (25,139) (25,173) (25,87) (25,171) (25,145) (25,170) (25,150) (25,34) (25,133) (25,172) (25,115) (25,135) (25,114) (25,190) (25,105) (25,187) (25,79) (25,102) (25,65) (25,63) (25,160) (25,42) (25,109) (25,136) (25,57) (25,166) (25,108) (25,46) (25,181) (25,27) (25,76) (25,98) (25,156) (25,124) (25,68) (25,55) (25,146) (25,143) (25,161) (25,125) (25,85) (25,72) (25,140) (25,111) (25,70) (25,119) (25,41) (25,50) (25,197) (25,182) (25,177) (25,52)
 (26,96) (26,111) (26,162) (26,119) (26,127) (26,131) (26,55) (26,193) (26,165) (26,35) (26,72) (26,174) (26,80) (26,42) (26,47) (26,132) (26,70) (26,153) (26,29) (26,128) (26,71) (26,138) (26,57) (26,56) (26,88) (26,63) (26,102) (26,164) (26,36) (26,198) (26,134) (26,143) (26,118) (26,116) (26,159) (26,85) (26,135) (26,176) (26,161) (26,39) (26,183) (26,68) (26,48) (26,187) (26,200) (26,107) (26,51) (26,98) (26,108) (26,81) (26,53) (26,150) (26,145)
 (27,179) (27,95) (27,119) (27,127) (27,190) (27,151) (27,49) (27,62) (27,115) (27,191) (27,65) (27,135) (27,136) (27,94) (27,150) (27,165) (27,67) (27,30) (27,120) (27,35) (27,113) (27,176) (27,60) (27,117) (27,45) (27,149) (27,103) (27,132) (27,181) (27,63) (27,157) (27,83) (27,98) (27,199) (27,163) (27,50) (27,96) (27,130) (27,69) (27,142) (27,72) (27,122) (27,167) (27,129) (27,91) (27,78) (27,108) (27,121) (27,194) (27,158) (27,145) (27,146) (27,200) (27,197) (27,37) (27,82) (27,156) (27,101) (27,89) (27,31) (27,79) (27,189) (27,52) (27,188) (27,76)
 (28,124) (28,80) (28,29) (28,136) (28,118) (28,156) (28,186) (28,185) (28,160) (28,174) (28,77) (28,86) (28,42) (28,139) (28,64) (28,100) (28,93) (28,126) (28,148) (28,116) (28,45) (28,175) (28,113) (28,57) (28,180) (28,105) (28,189) (28,83) (28,149) (28,50) (28,158) (28,199) (28,95) (28,141) (28,96) (28,151) (28,40) (28,103) (28,74) (28,70) (28,190) (28,195) (28,99) (28,162) (28,84) (28,36) (28,69) (28,169) (28,159) (28,142) (28,145) (28,181) (28,49) (28,71) (28,132) (28,91) (28,112)
 (29,62) (29,58) (29,177) (29,112) (29,161) (29,52) (29,89) (29,191) (29,188) (29,168) (29,131) (29,47) (29,64) (29,192) (29,150) (29,94) (29,141) (29,133) (29,63) (29,134) (29,57) (29,142) (29,125) (29,164) (29,123) (29,100) (29,92) (29,147) (29,36) (29,190) (29,185) (29,130) (29,43) (29,98) (29,35) (29,138) (29,75) (29,87) (29,126) (29,95) (29,33) (29,54) (29,60) (29,199) (29,99) (29,59) (29,88) (29,144) (29,197) (29,139) (29,181) (29,159) (29,176) (29,135) (29,162)
 (30,72) (30,151) (30,165) (30,187) (30,70) (30,100) (30,36) (30,163) (30,67) (30,43) (30,115) (30,93) (30,142) (30,79) (30,112) (30,64) (30,113) (30,144) (30,127) (30,200) (30,153) (30,167) (30,69) (30,184) (30,162) (30,85) (30,133) (30,39) (30,186) (30,189) (30,194) (30,99) (30,47) (30,42) (30,97) (30,138) (30,193) (30,134) (30,198) (30,122) (30,103) (30,178) (30,87) (30,175) (30,51) (30,74) (30,61) (30,195) (30,84) (30,66) (30,31) (30,116) (30,54) (30,55) (30,63) (30,137) (30,96) (30,190) (30,76) (30,197) (30,136) (30,135)
 (31,162) (31,56) (31,190) (31,173) (31,85) (31,50) (31,46) (31,170) (31,79) (31,45) (31,113) (31,169) (31,140) (31,159) (31,186) (31,102) (31,71) (31,33) (31,86) (31,49) (31,122) (31,185) (31,192) (31,75) (31,125) (31,134) (31,176) (31,77) (31,148) (31,96) (31,74) (31,189) (31,181) (31,153) (31,172) (31,100) (31,88) (31,110) (31,61) (31,93) (31,112) (31,114) (31,171) (31,165)
 (32,84) (32,160) (32,117) (32,59) (32,79) (32,121) (32,48) (32,57) (32,56) (32,114) (32,74) (32,104) (32,180) (32,169) (32,196) (32,168) (32,192) (32,36) (32,161) (32,49) (32,119) (32,78) (32,103) (32,194) (32,77) (32,75) (32,112) (32,152) (32,139) (32,92) (32,128) (32,125) (32,135) (32,86) (32,40) (32,95) (32,197) (32,174) (32,82) (32,76) (32,159) (32,157) (32,156) (32,185) (32,154) (32,198) (32,46) (32,71) (32,35) (32,184) (32,67) (32,62) (32,124) (32,171) (32,42) (32,122) (32,188) (32,141)
 (33,173) (33,192) (33,121) (33,167) (33,169) (33,130) (33,47) (33,45) (33,83) (33,109) (33,120) (33,101) (33,36) (33,62) (33,53) (33,133) (33,162) (33,49) (33,148) (33,41) (33,65) (33,42) (33,129) (33,136) (33,43) (33,71) (33,134) (33,75) (33,164) (33,59) (33,100) (33,108) (33,132) (33,157) (33,72) (33,161) (33,66) (33,131) (33,48) (33,160) (33,123) (33,114) (33,197) (33,126) (33,110) (33,116) (33,122) (33,87) (33,141) (33,163) (33,63) (33,155) (33,156) (33,39) (33,170) (33,102) (33,44) (33,80) (33,194) (33,105) (33,189) (33,190) (33,78) (33,61) (33,54) (33,94) (33,67)
 (34,190) (34,42) (34,139) (34,93) (34,46) (34,195) (34,76) (34,154) (34,163) (34,171) (34,124) (34,164) (34,107) (34,109) (34,144) (34,72) (34,143) (34,105) (34,79) (34,176) (34,187) (34,100) (34,56) (34,45) (34,81) (34,99) (34,61) (34,147) (34,185) (34,182) (34,36) (34,112) (34,150) (34,54) (34,64) (34,128) (34,126) (34,77) (34,193) (34,74) (34,189) (34,123) (34,108) (34,91) (34,129) (34,122) (34,58) (34,113) (34,148) (34,160) (34,118) (34,166)
 (35,44) (35,39) (35,96) (35,75) (35,88) (35,72) (35,163) (35,113) (35,107) (35,170) (35,70) (35,199) (35,182) (35,77) (35,84) (35,67) (35,49) (35,99) (35,89) (35,114) (35,162) (35,60) (35,159) (35,71) (35,120) (35,48) (35,94) (35,180) (35,156) (35,129) (35,144) (35,106) (35,143) (35,134) (35,169) (35,183) (35,178) (35,125) (35,193) (35,37) (35,59) (35,112) (35,104) (35,111) (35,135) (35,65) (35,121) (35,68) (35,158)
 (36,157) (36,140) (36,163) (36,138) (36,162) (36,63) (36,44) (36,113) (36,160) (36,69) (36,93) (36,47) (36,142) (36,112) (36,151) (36,135) (36,147) (36,82) (36,120) (36,131) (36,128) (36,126) (36,98) (36,154) (36,88) (36,103) (36,123) (36,145) (36,153) (36,39) (36,109) (36,56) (36,173) (36,175) (36,144) (36,58) (36,68) (36,179) (36,182) (36,129) (36,107) (36,111) (36,54) (36,191) (36,90) (36,114) (36,136) (36,99) (36,164)
 (37,175) (37,135) (37,187) (37,124) (37,107) (37,56) (37,161) (37,62) (37,104) (37,73) (37,97) (37,141) (37,190) (37,103) (37,172) (37,54) (37,66) (37,94) (37,96) (37,171) (37,125) (37,154) (37,174) (37,58) (37,170) (37,179) (37,123) (37,90) (37,168) (37,142) (37,115) (37,91) (37,57) (37,83) (37,42) (37,143) (37,106) (37,71) (37,102) (37,185) (37,61) (37,87) (37,146) (37,200) (37,148)
 (38,191) (38,156) (38,195) (38,102) (38,174) (38,143) (38,64) (38,87) (38,149) (38,63) (38,93) (38,75) (38,97) (38,181) (38,114) (38,128) (38,150) (38,198) (38,197) (38,190) (38,177) (38,126) (38,144) (38,129) (38,163) (38,199) (38,68) (38,124) (38,103) (38,58) (38,167) (38,74) (38,43) (38,61) (38,183) (38,173) (38,86) (38,133) (38,62) (38,158) (38,70) (38,138) (38,111) (38,80) (38,141) (38,168) (38,160) (38,170) (38,131) (38,162) (38,180) (38,49) (38,125) (38,184) (38,39)
 (39,41) (39,99) (39,53) (39,190) (39,167) (39,111) (39,71) (39,129) (39,114) (39,199) (39,179) (39,185) (39,133) (39,131) (39,148) (39,150) (39,184) (39,159) (39,96) (39,118) (39,49) (39,65) (39,177) (39,81) (39,143) (39,61) (39,89) (39,155) (39,107) (39,66) (39,52) (39,43) (39,137) (39,127) (39,161) (39,59) (39,63) (39,104) (39,123) (39,45) (39,121) (39,174) (39,128) (39,140) (39,74) (39,156) (39,142) (39,44) (39,70) (39,134) (39,138) (39,68)
 (40,144) (40,110) (40,185) (40,73) (40,136) (40,93) (40,107) (40,66) (40,63) (40,180) (40,143) (40,119) (40,49) (40,47) (40,71) (40,60) (40,53) (40,157) (40,68) (40,85) (40,167) (40,175) (40,190) (40,92) (40,194) (40,178) (40,104) (40,51) (40,176) (40,146) (40,182) (40,164) (40,69) (40,89) (40,116) (40,82) (40,101) (40,56) (40,145) (40,131) (40,55) (40,156) (40,42) (40,57) (40,59) (40,142) (40,97) (40,62) (40,179) (40,127) (40,162) (40,109) (40,65) (40,129) (40,140) (40,64) (40,154) (40,46) (40,193) (40,78) (40,151) (40,128) (40,88) (40,191)
 (41,125) (41,182) (41,86) (41,192) (41,106) (41,185) (41,114) (41,165) (41,145) (41,74) (41,51) (41,112) (41,136) (41,196) (41,103) (41,179) (41,97) (41,141) (41,130) (41,169) (41,73) (41,107) (41,83) (41,102) (41,168) (41,46) (41,56) (41,69) (41,122) (41,151) (41,116) (41,159) (41,118) (41,155) (41,111)
 (42,88) (42,139) (42,136) (42,171) (42,86) (42,72) (42,50) (42,144) (42,66) (42,48) (42,143) (42,57) (42,78) (42,65) (42,125) (42,71) (42,167) (42,49) (42,162) (42,91) (42,152) (42,118) (42,130) (42,120) (42,180) (42,193) (42,115) (42,182) (42,92) (42,70) (42,96) (42,85) (42,145) (42,176) (42,75) (42,63) (42,64) (42,192) (42,76) (42,173) (42,62) (42,164) (42,156) (42,129) (42,184) (42,59) (42,122) (42,178) (42,84) (42,138) (42,74) (42,109)
 (43,182) (43,126) (43,56) (43,120) (43,70) (43,159) (43,140) (43,165) (43,84) (43,174) (43,112) (43,186) (43,134) (43,167) (43,113) (43,123) (43,137) (43,71) (43,188) (43,191) (43,105) (43,106) (43,94) (43,170) (43,45) (43,131) (43,179) (43,154) (43,72) (43,136) (43,138) (43,129) (43,141) (43,148) (43,61) (43,144) (43,92) (43,116) (43,52) (43,163) (43,114) (43,147) (43,66) (43,175) (43,86) (43,51) (43,90) (43,195) (43,151) (43,166) (43,63) (43,74) (43,160) (43,59) (43,97) (43,168)
 (44,74) (44,118) (44,73) (44,85) (44,147) (44,71) (44,131) (44,116) (44,130) (44,66) (44,197) (44,113) (44,75) (44,123) (44,143) (44,150) (44,198) (44,124) (44,180) (44,184) (44,79) (44,135) (44,94) (44,152) (44,59) (44,160) (44,101) (44,87) (44,76) (44,98) (44,53) (44,166) (44,70) (44,50) (44,137) (44,151) (44,78) (44,171) (44,58) (44,140) (44,57) (44,176) (44,193) (44,188) (44,199) (44,168) (44,138) (44,47) (44,128) (44,97) (44,182) (44,145) (44,189) (44,88) (44,108)
 (45,149) (45,137) (45,143) (45,71) (45,185) (45,54) (45,157) (45,49) (45,163) (45,72) (45,126) (45,145) (45,156) (45,83) (45,166) (45,135) (45,138) (45,69) (45,123) (45,196) (45,193) (45,91) (45,48) (45,61) (45,57) (45,65) (45,50) (45,106) (45,169) (45,160) (45,171) (45,55) (45,128) (45,79) (45,194) (45,164) (45,170) (45,148) (45,74)
 (46,178) (46,130) (46,182) (46,48) (46,152) (46,66) (46,138) (46,72) (46,120) (46,56) (46,87) (46,159) (46,154) (46,142) (46,144) (46,132) (46,104) (46,126) (46,179) (46,113) (46,188) (46,63) (46,98) (46,190) (46,52) (46,60) (46,51) (46,61) (46,76) (46,110) (46,106) (46,91) (46,135) (46,162) (46,133) (46,84) (46,103) (46,189) (46,123) (46,136) (46,55) (46,149) (46,185) (46,176) (46,160) (46,96) (46,145) (46,112) (46,73)
 (47,89) (47,156) (47,138) (47,104) (47,189) (47,77) (47,197) (47,105) (47,134) (47,97) (47,70) (47,155) (47,163) (47,53) (47,71) (47,87) (47,66) (47,99) (47,140) (47,193) (47,166) (47,109) (47,133) (47,74) (47,198) (47,135) (47,51) (47,82) (47,169) (47,151) (47,113) (47,148) (47,196) (47,126) (47,129) (47,188) (47,60) (47,132) (47,69) (47,103) (47,49) (47,170) (47,139) (47,122) (47,78) (47,162) (47,195) (47,62) (47,172) (47,165) (47,115) (47,191)
 (48,113) (48,147) (48,136) (48,101) (48,49) (48,127) (48,132) (48,158) (48,55) (48,154) (48,125) (48,167) (48,194) (48,164) (48,107) (48,110) (48,91) (48,192) (48,170) (48,138) (48,83) (48,196) (48,87) (48,157) (48,156) (48,186) (48,200) (48,105) (48,103) (48,72) (48,172) (48,62) (48,123) (48,195) (48,177) (48,65) (48,175) (48,187) (48,128) (48,117) (48,84) (48,176) (48,144) (48,135) (48,185) (48,122) (48,116) (48,57) (48,166) (48,145) (48,80) (48,168)
 (49,178) (49,76) (49,129) (49,66) (49,56) (49,188) (49,181) (49,61) (49,119) (49,136) (49,116) (49,117) (49,65) (49,81) (49,70) (49,73) (49,59) (49,72) (49,99) (49,115) (49,171) (49,138) (49,146) (49,165) (49,162) (49,64) (49,82) (49,200) (49,167) (49,159) (49,194) (49,67) (49,191) (49,93) (49,91) (49,197) (49,113) (49,134) (49,55)
 (50,57) (50,70) (50,174) (50,164) (50,150) (50,168) (50,60) (50,144) (50,103) (50,84) (50,56) (50,73) (50,108) (50,85) (50,134) (50,153) (50,183) (50,76) (50,91) (50,156) (50,112) (50,175) (50,163) (50,194) (50,96) (50,78) (50,107) (50,189) (50,198) (50,120) (50,121) (50,52) (50,61) (50,75) (50,72) (50,97) (50,62) (50,71) (50,86) (50,83) (50,173) (50,65) (50,79) (50,149) (50,99) (50,200) (50,55) (50,77) (50,178) (50,138) (50,162) (50,69)
 (51,177) (51,67) (51,104) (51,178) (51,155) (51,91) (51,74) (51,192) (51,166) (51,143) (51,75) (51,108) (51,120) (51,164) (51,173) (51,84) (51,111) (51,180) (51,167) (51,128) (51,115) (51,89) (51,127) (51,106) (51,170) (51,100) (51,138) (51,60) (51,160) (51,116) (51,165) (51,97) (51,142) (51,187) (51,57) (51,139) (51,154) (51,59) (51,141) (51,86) (51,90) (51,134)
 (52,84) (52,157) (52,89) (52,97) (52,66) (52,108) (52,95) (52,73) (52,136) (52,55) (52,172) (52,59) (52,168) (52,160) (52,105) (52,178) (52,112) (52,192) (52,71) (52,111) (52,123) (52,78) (52,134) (52,155) (52,103) (52,88) (52,189) (52,173) (52,183) (52,100) (52,191) (52,53) (52,87) (52,113) (52,176) (52,154) (52,175) (52,185) (52,93) (52,120) (52,63) (52,81) (52,131)
 (53,73) (53,194) (53,175) (53,171) (53,182) (53,164) (53,166) (53,181) (53,92) (53,145) (53,191) (53,187) (53,58) (53,111) (53,193) (53,196) (53,71) (53,98) (53,83) (53,155) (53,128) (53,66) (53,162) (53,122) (53,84) (53,189) (53,134) (53,151) (53,81) (53,133) (53,90) (53,129) (53,190) (53,100) (53,172) (53,80) (53,169) (53,158) (53,63) (53,137) (53,165) (53,120) (53,78) (53,77) (53,197) (53,97) (53,180) (53,153) (53,168) (53,95) (53,135) (53,127)
 (54,148) (54,190) (54,107) (54,65) (54,91) (54,151) (54,77) (54,137) (54,136) (54,124) (54,104) (54,79) (54,186) (54,128) (54,140) (54,88) (54,161) (54,74) (54,101) (54,121) (54,169) (54,94) (54,62) (54,177) (54,84) (54,192) (54,83) (54,189) (54,99) (54,98) (54,117) (54,173) (54,167) (54,70) (54,196) (54,86) (54,64) (54,181) (54,154) (54,71) (54,80)
 (55,198) (55,126) (55,90) (55,105) (55,129) (55,66) (55,84) (55,165) (55,110) (55,122) (55,131) (55,111) (55,200) (55,82) (55,153) (55,157) (55,167) (55,121) (55,63) (55,147) (55,133) (55,70) (55,187) (55,127) (55,59) (55,56) (55,174) (55,194) (55,67) (55,195) (55,181) (55,106) (55,164) (55,128) (55,60) (55,112) (55,156) (55,65) (55,184) (55,91) (55,197) (55,149) (55,136) (55,118) (55,75) (55,57) (55,158) (55,99) (55,108)
 (56,92) (56,194) (56,109) (56,172) (56,87) (56,82) (56,79) (56,80) (56,128) (56,156) (56,166) (56,122) (56,139) (56,176) (56,130) (56,100) (56,192) (56,89) (56,81) (56,78) (56,165) (56,198) (56,157) (56,158) (56,137) (56,65) (56,69) (56,179) (56,94) (56,167) (56,116) (56,193) (56,77) (56,151) (56,58) (56,99) (56,66) (56,143) (56,108) (56,85) (56,181) (56,76) (56,107) (56,147) (56,111) (56,74) (56,121) (56,131) (56,119) (56,132)
 (57,117) (57,187) (57,154) (57,72) (57,128) (57,60) (57,80) (57,97) (57,118) (57,65) (57,172) (57,149) (57,93) (57,194) (57,63) (57,104) (57,193) (57,143) (57,170) (57,123) (57,175) (57,198) (57,68) (57,192) (57,124) (57,78) (57,160) (57,73) (57,161) (57,70) (57,157) (57,135) (57,114) (57,79) (57,129) (57,122) (57,95) (57,166) (57,90) (57,91) (57,146) (57,188) (57,169) (57,116) (57,126) (57,173) (57,199)
 (58,181) (58,118) (58,115) (58,72) (58,123) (58,93) (58,76) (58,187) (58,200) (58,82) (58,194) (58,111) (58,114) (58,184) (58,157) (58,64) (58,160) (58,128) (58,84) (58,129) (58,198) (58,192) (58,149) (58,152) (58,83) (58,100) (58,146) (58,164) (58,137) (58,173) (58,135) (58,178) (58,165) (58,191) (58,126) (58,132) (58,108) (58,73) (58,59) (58,122) (58,88) (58,140) (58,147)
 (59,120) (59,104) (59,132) (59,79) (59,90) (59,64) (59,70) (59,184) (59,199) (59,188) (59,165) (59,192) (59,141) (59,163) (59,169) (59,122) (59,160) (59,147) (59,162) (59,191) (59,80) (59,144) (59,107) (59,116) (59,185) (59,161) (59,78) (59,60) (59,183) (59,111) (59,137) (59,159) (59,171) (59,65) (59,154) (59,89) (59,86) (59,71) (59,105) (59,84) (59,166) (59,142) (59,85) (59,181) (59,164) (59,178) (59,92)
 (60,176) (60,74) (60,165) (60,91) (60,160) (60,103) (60,154) (60,124) (60,62) (60,158) (60,197) (60,64) (60,173) (60,130) (60,140) (60,104) (60,115) (60,92) (60,99) (60,77) (60,200) (60,121) (60,152) (60,63) (60,136) (60,146) (60,187) (60,105) (60,193) (60,163) (60,175) (60,90) (60,194) (60,144) (60,168) (60,198) (60,79) (60,113) (60,138) (60,118) (60,108) (60,183)
 (61,152) (61,109) (61,72) (61,199) (61,161) (61,67) (61,104) (61,172) (61,98) (61,107) (61,139) (61,193) (61,68) (61,83) (61,182) (61,166) (61,125) (61,121) (61,160) (61,89) (61,156) (61,137) (61,103) (61,100) (61,97) (61,108) (61,192) (61,189) (61,127) (61,85) (61,141) (61,131) (61,90) (61,151) (61,116) (61,99) (61,155) (61,77) (61,101) (61,65) (61,79) (61,170) (61,136)
 (62,158) (62,155) (62,192) (62,157) (62,136) (62,101) (62,188) (62,139) (62,130) (62,172) (62,180) (62,138) (62,200) (62,124) (62,65) (62,87) (62,146) (62,81) (62,162) (62,189) (62,109) (62,187) (62,156) (62,165) (62,141) (62,78) (62,70) (62,95) (62,94) (62,86) (62,184) (62,112) (62,175) (62,100) (62,151) (62,177) (62,149) (62,102)
 (63,170) (63,174) (63,156) (63,71) (63,107) (63,148) (63,160) (63,192) (63,119) (63,184) (63,175) (63,144) (63,86) (63,106) (63,64) (63,155) (63,97) (63,146) (63,122) (63,153) (63,169) (63,72) (63,132) (63,165) (63,95) (63,185) (63,93) (63,168) (63,166) (63,133) (63,111) (63,103) (63,87) (63,127) (63,70) (63,99) (63,187) (63,188) (63,136) (63,129) (63,141) (63,130) (63,91) (63,135) (63,120) (63,157)
 (64,72) (64,93) (64,89) (64,65) (64,173) (64,85) (64,182) (64,98) (64,144) (64,195) (64,194) (64,132) (64,139) (64,112) (64,175) (64,116) (64,161) (64,174) (64,113) (64,152) (64,69) (64,184) (64,121) (64,164) (64,192) (64,100) (64,166) (64,191) (64,197) (64,105) (64,103) (64,158) (64,187) (64,183) (64,68) (64,92) (64,108) (64,178) (64,181) (64,86) (64,156) (64,109) (64,111)
 (65,91) (65,144) (65,143) (65,69) (65,71) (65,191) (65,141) (65,113) (65,72) (65,121) (65,79) (65,102) (65,74) (65,85) (65,133) (65,180) (65,77) (65,175) (65,104) (65,93) (65,105) (65,168) (65,100) (65,174) (65,162) (65,88) (65,179) (65,96) (65,189) (65,115) (65,183) (65,192) (65,76) (65,170) (65,169) (65,145) (65,135) (65,132) (65,68) (65,140) (65,131) (65,155) (65,171) (65,182) (65,127) (65,197) (65,187) (65,108) (65,84) (65,107) (65,124) (65,95)
 (66,165) (66,101) (66,85) (66,122) (66,129) (66,175) (66,82) (66,171) (66,107) (66,147) (66,119) (66,113) (66,162) (66,190) (66,105) (66,68) (66,108) (66,186) (66,163) (66,87) (66,110) (66,185) (66,124) (66,178) (66,125) (66,145) (66,151) (66,130) (66,143) (66,180) (66,150) (66,94) (66,126) (66,67) (66,141) (66,191) (66,109) (66,77) (66,104) (66,134) (66,169) (66,155)
 (67,182) (67,86) (67,169) (67,122) (67,178) (67,121) (67,137) (67,68) (67,79) (67,184) (67,171) (67,71) (67,167) (67,191) (67,194) (67,168) (67,107) (67,72) (67,144) (67,197) (67,180) (67,90) (67,187) (67,127) (67,75) (67,131) (67,115) (67,93) (67,73) (67,77) (67,173) (67,172) (67,95) (67,111) (67,92) (67,114) (67,190) (67,113) (67,155) (67,112) (67,161) (67,84) (67,108) (67,186) (67,162) (67,140)
 (68,90) (68,96) (68,135) (68,138) (68,183) (68,196) (68,122) (68,143) (68,172) (68,147) (68,95) (68,72) (68,170) (68,114) (68,164) (68,178) (68,101) (68,105) (68,139) (68,109) (68,117) (68,187) (68,85) (68,87) (68,159) (68,146) (68,116) (68,121) (68,106) (68,99) (68,192) (68,191) (68,93) (68,120) (68,171) (68,110) (68,137) (68,94)
 (69,168) (69,169) (69,141) (69,134) (69,72) (69,102) (69,96) (69,147) (69,185) (69,122) (69,146) (69,98) (69,99) (69,137) (69,83) (69,125) (69,132) (69,126) (69,157) (69,91) (69,139) (69,80) (69,110) (69,156) (69,138) (69,190) (69,180) (69,86) (69,92) (69,162) (69,188) (69,143) (69,154) (69,104) (69,75) (69,71) (69,161) (69,171) (69,177) (69,123) (69,189) (69,130) (69,129) (69,100) (69,79) (69,77) (69,120) (69,94) (69,82)
 (70,158) (70,126) (70,108) (70,157) (70,192) (70,186) (70,165) (70,125) (70,136) (70,182) (70,194) (70,142) (70,120) (70,124) (70,82) (70,132) (70,155) (70,163) (70,167) (70,87) (70,199) (70,95) (70,84) (70,74) (70,154) (70,93) (70,193) (70,156) (70,176) (70,122) (70,183) (70,131) (70,86) (70,92) (70,114) (70,103) (70,164) (70,88) (70,105) (70,135) (70,91) (70,134) (70,168) (70,196) (70,137) (70,85) (70,181) (70,197)
 (71,125) (71,174) (71,100) (71,81) (71,112) (71,192) (71,80) (71,89) (71,194) (71,163) (71,195) (71,182) (71,156) (71,170) (71,162) (71,199) (71,186) (71,111) (71,138) (71,97) (71,180) (71,83) (71,131) (71,124) (71,179) (71,157) (71,189) (71,155) (71,115) (71,142) (71,87) (71,190) (71,198) (71,158) (71,77) (71,193) (71,144) (71,101)
 (72,198) (72,172) (72,182) (72,110) (72,189) (72,173) (72,149) (72,163) (72,104) (72,134) (72,99) (72,131) (72,115) (72,86) (72,114) (72,165) (72,157) (72,102) (72,118) (72,144) (72,153) (72,85) (72,132) (72,191) (72,88) (72,190) (72,194) (72,150) (72,135) (72,161) (72,124) (72,197) (72,80) (72,77) (72,141) (72,92) (72,127) (72,166) (72,109)
 (73,77) (73,190) (73,200) (73,89) (73,174) (73,172) (73,96) (73,188) (73,81) (73,142) (73,106) (73,143) (73,94) (73,95) (73,145) (73,168) (73,111) (73,160) (73,91) (73,157) (73,78) (73,98) (73,79) (73,126) (73,139) (73,103) (73,167) (73,180) (73,107) (73,119) (73,159) (73,193) (73,116) (73,166) (73,129) (73,187) (73,136) (73,173) (73,182) (73,171)
 (74,141) (74,198) (74,200) (74,199) (74,122) (74,86) (74,118) (74,99) (74,173) (74,140) (74,145) (74,89) (74,135) (74,81) (74,111) (74,94) (74,190) (74,105) (74,164) (74,171) (74,103) (74,144) (74,183) (74,108) (74,152) (74,114) (74,153) (74,133) (74,127) (74,175) (74,174) (74,180) (74,129) (74,186) (74,85) (74,109) (74,155) (74,159) (74,148) (74,146) (74,184) (74,93) (74,150)
 (75,131) (75,156) (75,86) (75,171) (75,173) (75,101) (75,98) (75,145) (75,82) (75,176) (75,164) (75,92) (75,121) (75,170) (75,172) (75,109) (75,160) (75,139) (75,114) (75,89) (75,187) (75,95) (75,154) (75,81) (75,183) (75,122) (75,186) (75,137) (75,155) (75,152) (75,129) (75,158) (75,119) (75,167) (75,191) (75,149) (75,76) (75,107) (75,104) (75,80) (75,102) (75,120) (75,165)
 (76,94) (76,166) (76,161) (76,151) (76,144) (76,91) (76,170) (76,89) (76,149) (76,152) (76,104) (76,136) (76,132) (76,81) (76,181) (76,96) (76,129) (76,198) (76,200) (76,142) (76,113) (76,118) (76,83) (76,131) (76,128) (76,133) (76,120) (76,119) (76,112) (76,110) (76,163) (76,116)
 (77,118) (77,91) (77,197) (77,152) (77,191) (77,154) (77,175) (77,126) (77,105) (77,176) (77,151) (77,157) (77,138) (77,169) (77,134) (77,185) (77,180) (77,163) (77,198) (77,128) (77,137) (77,196) (77,132) (77,130) (77,78) (77,102) (77,144) (77,84) (77,113) (77,162) (77,135) (77,139) (77,101) (77,108) (77,110) (77,155) (77,125) (77,104)
 (78,169) (78,185) (78,192) (78,102) (78,163) (78,188) (78,95) (78,140) (78,101) (78,91) (78,112) (78,175) (78,80) (78,198) (78,109) (78,97) (78,127) (78,156) (78,172) (78,177) (78,144) (78,134) (78,128) (78,120) (78,158) (78,98) (78,93) (78,168) (78,189) (78,113) (78,155) (78,145) (78,162) (78,180) (78,195) (78,176) (78,99) (78,178) (78,190)
 (79,171) (79,90) (79,88) (79,189) (79,109) (79,191) (79,117) (79,104) (79,184) (79,154) (79,101) (79,119) (79,164) (79,145) (79,112) (79,162) (79,136) (79,141) (79,144) (79,132) (79,186) (79,159) (79,80) (79,198) (79,183) (79,133) (79,150) (79,129) (79,81) (79,149) (79,182) (79,98) (79,175) (79,140) (79,121) (79,139) (79,146) (79,85) (79,126) (79,94) (79,192) (79,153) (79,200) (79,113) (79,106) (79,178) (79,197) (79,152) (79,148) (79,127)
 (80,110) (80,90) (80,194) (80,187) (80,160) (80,184) (80,183) (80,155) (80,165) (80,141) (80,91) (80,133) (80,128) (80,159) (80,114) (80,142) (80,200) (80,122) (80,127) (80,182) (80,86) (80,192) (80,115) (80,197) (80,107) (80,129) (80,97) (80,179) (80,195) (80,149) (80,196) (80,172) (80,199) (80,104) (80,186)
 (81,134) (81,186) (81,87) (81,164) (81,118) (81,170) (81,153) (81,98) (81,161) (81,163) (81,147) (81,91) (81,188) (81,146) (81,150) (81,102) (81,174) (81,83) (81,149) (81,143) (81,111) (81,114) (81,173) (81,139) (81,158) (81,108) (81,142) (81,144) (81,152) (81,151) (81,180) (81,94) (81,155) (81,148) (81,140) (81,176) (81,116) (81,101) (81,85) (81,110) (81,121) (81,177)
 (82,156) (82,106) (82,140) (82,136) (82,165) (82,137) (82,157) (82,126) (82,179) (82,120) (82,123) (82,144) (82,142) (82,172) (82,184) (82,134) (82,191) (82,164) (82,130) (82,181) (82,132) (82,135) (82,114) (82,117) (82,169) (82,173) (82,160) (82,166) (82,128) (82,148) (82,116) (82,196)
 (83,200) (83,89) (83,91) (83,194) (83,166) (83,156) (83,160) (83,184) (83,84) (83,95) (83,104) (83,190) (83,119) (83,176) (83,177) (83,113) (83,197) (83,93) (83,112) (83,105) (83,135) (83,120) (83,145) (83,159) (83,165) (83,102) (83,96) (83,147) (83,173) (83,189) (83,87)
 (84,119) (84,199) (84,99) (84,101) (84,163) (84,174) (84,161) (84,95) (84,87) (84,127) (84,89) (84,125) (84,107) (84,122) (84,160) (84,172) (84,181) (84,128) (84,109) (84,169) (84,118) (84,195) (84,97) (84,133) (84,150) (84,171) (84,96) (84,155) (84,165) (84,121) (84,98) (84,198) (84,173) (84,88)
 (85,172) (85,168) (85,185) (85,141) (85,102) (85,128) (85,105) (85,150) (85,155) (85,198) (85,144) (85,175) (85,116) (85,118) (85,186) (85,86) (85,178) (85,191) (85,146) (85,111) (85,194) (85,122) (85,123) (85,161) (85,169) (85,132) (85,197) (85,119) (85,173) (85,129) (85,95) (85,136) (85,189) (85,97) (85,145) (85,112) (85,163) (85,110) (85,160) (85,184) (85,167)
 (86,184) (86,181) (86,97) (86,151) (86,100) (86,96) (86,113) (86,132) (86,192) (86,156) (86,148) (86,117) (86,123) (86,107) (86,147) (86,138) (86,110) (86,89) (86,191) (86,87) (86,178) (86,177) (86,91) (86,176) (86,130) (86,101) (86,88) (86,114) (86,102) (86,168) (86,187) (86,140) (86,186) (86,169) (86,146) (86,167) (86,120) (86,133) (86,153) (86,92) (86,126) (86,199)
 (87,177) (87,106) (87,93) (87,94) (87,156) (87,97) (87,143) (87,152) (87,134) (87,145) (87,125) (87,154) (87,194) (87,193) (87,121) (87,129) (87,195) (87,114) (87,167) (87,88) (87,168) (87,91) (87,133) (87,110) (87,161) (87,98) (87,187) (87,119) (87,128) (87,196) (87,118) (87,175) (87,109) (87,164) (87,104) (87,171) (87,135) (87,153) (87,165) (87,100) (87,138) (87,120) (87,185) (87,132) (87,150) (87,124)
 (88,129) (88,136) (88,114) (88,167) (88,196) (88,140) (88,184) (88,130) (88,179) (88,170) (88,126) (88,163) (88,169) (88,183) (88,153) (88,113) (88,161) (88,151) (88,191) (88,103) (88,174) (88,158) (88,93) (88,155) (88,148) (88,121) (88,104) (88,91) (88,102) (88,107) (88,190) (88,197) (88,111) (88,144) (88,146) (88,173)
 (89,147) (89,181) (89,168) (89,133) (89,173) (89,172) (89,155) (89,129) (89,106) (89,139) (89,184) (89,174) (89,124) (89,92) (89,186) (89,105) (89,197) (89,148) (89,102) (89,136) (89,151) (89,121) (89,109) (89,164) (89,154) (89,122) (89,140) (89,101) (89,126) (89,108) (89,193) (89,98) (89,159) (89,198) (89,116) (89,149) (89,150) (89,93)
 (90,151) (90,143) (90,138) (90,100) (90,112) (90,137) (90,139) (90,127) (90,130) (90,200) (90,146) (90,136) (90,120) (90,128) (90,92) (90,133) (90,187) (90,104) (90,145) (90,106) (90,160) (90,142) (90,157) (90,125) (90,172) (90,91) (90,147) (90,186) (90,97) (90,183) (90,131) (90,169) (90,197) (90,175) (90,149) (90,107) (90,158) (90,109) (90,159) (90,178) (90,180) (90,123) (90,102) (90,121) (90,153) (90,188)
 (91,164) (91,97) (91,176) (91,121) (91,103) (91,200) (91,135) (91,133) (91,94) (91,197) (91,154) (91,163) (91,92) (91,112) (91,192) (91,162) (91,179) (91,122) (91,150) (91,145) (91,189) (91,129) (91,182) (91,119) (91,193) (91,141) (91,187) (91,188) (91,126) (91,175) (91,195) (91,109) (91,116) (91,108)
 (92,121) (92,189) (92,129) (92,118) (92,105) (92,109) (92,161) (92,163) (92,175) (92,198) (92,126) (92,110) (92,184) (92,149) (92,134) (92,104) (92,139) (92,171) (92,158) (92,97) (92,108) (92,136) (92,103) (92,180) (92,98) (92,194) (92,128) (92,183) (92,179) (92,197) (92,174) (92,137) (92,195) (92,168) (92,176) (92,199) (92,154)
 (93,137) (93,162) (93,97) (93,152) (93,104) (93,111) (93,159) (93,174) (93,114) (93,196) (93,129) (93,197) (93,115) (93,192) (93,94) (93,182) (93,130) (93,109) (93,119) (93,128) (93,169) (93,194) (93,177) (93,161) (93,118) (93,156) (93,186) (93,139) (93,99) (93,113) (93,193) (93,124) (93,138) (93,108)
 (94,179) (94,152) (94,125) (94,114) (94,198) (94,103) (94,106) (94,101) (94,177) (94,169) (94,185) (94,134) (94,194) (94,137) (94,164) (94,178) (94,107) (94,176) (94,187) (94,105) (94,196) (94,144) (94,139) (94,175) (94,172) (94,183) (94,116) (94,186) (94,110) (94,163) (94,197) (94,200) (94,149) (94,132)
 (95,128) (95,97) (95,177) (95,169) (95,199) (95,166) (95,147) (95,104) (95,130) (95,183) (95,180) (95,189) (95,197) (95,137) (95,114) (95,196) (95,125) (95,136) (95,133) (95,96) (95,124) (95,140) (95,105) (95,171) (95,129) (95,186) (95,193) (95,179) (95,122) (95,184) (95,195) (95,150) (95,174) (95,182) (95,109) (95,187)
 (96,112) (96,155) (96,106) (96,111) (96,167) (96,191) (96,110) (96,120) (96,197) (96,185) (96,151) (96,166) (96,169) (96,162) (96,101) (96,168) (96,134) (96,194) (96,129) (96,124) (96,122) (96,116) (96,176) (96,103) (96,157) (96,200) (96,100) (96,144) (96,199) (96,158) (96,178) (96,143) (96,127) (96,148) (96,154) (96,136) (96,160)
 (97,122) (97,130) (97,156) (97,171) (97,152) (97,167) (97,138) (97,103) (97,98) (97,100) (97,117) (97,162) (97,135) (97,146) (97,191) (97,177) (97,180) (97,188) (97,131) (97,178) (97,200) (97,187) (97,186) (97,142) (97,108) (97,196) (97,147) (97,125) (97,198) (97,113) (97,120)
 (98,102) (98,188) (98,170) (98,139) (98,192) (98,141) (98,106) (98,193) (98,111) (98,112) (98,99) (98,121) (98,180) (98,173) (98,200) (98,166) (98,134) (98,172) (98,184) (98,179) (98,127) (98,104) (98,123) (98,159) (98,140) (98,149) (98,175) (98,155) (98,185) (98,101) (98,122) (98,161)
 (99,123) (99,120) (99,112) (99,104) (99,134) (99,184) (99,154) (99,127) (99,145) (99,171) (99,186) (99,114) (99,174) (99,118) (99,182) (99,187) (99,110) (99,138) (99,177) (99,156) (99,158) (99,130) (99,108) (99,165) (99,185) (99,196) (99,122) (99,169) (99,178) (99,168) (99,147) (99,101)
 (100,160) (100,130) (100,126) (100,136) (100,162) (100,153) (100,164) (100,179) (100,168) (100,178) (100,163) (100,177) (100,166) (100,111) (100,145) (100,110) (100,113) (100,121) (100,151) (100,129) (100,189) (100,149) (100,152) (100,141) (100,161) (100,107) (100,190) (100,180) (100,109) (100,105) (100,170) (100,142) (100,106)
 (101,164) (101,189) (101,148) (101,108) (101,190) (101,187) (101,161) (101,173) (101,143) (101,132) (101,183) (101,136) (101,192) (101,181) (101,105) (101,128) (101,119) (101,115) (101,178) (101,134) (101,122) (101,200) (101,174) (101,129) (101,157) (101,193) (101,180) (101,163) (101,186) (101,127) (101,138) (101,123) (101,118) (101,179) (101,141) (101,146) (101,182) (101,149) (101,137) (101,120)
 (102,139) (102,117) (102,122) (102,160) (102,132) (102,105) (102,120) (102,145) (102,159) (102,146) (102,126) (102,140) (102,142) (102,173) (102,169) (102,192) (102,185) (102,124) (102,115) (102,171) (102,190) (102,103) (102,187) (102,144) (102,186) (102,184) (102,104) (102,167) (102,165) (102,150) (102,200) (102,170) (102,194) (102,168) (102,154) (102,153) (102,119) (102,135) (102,177) (102,111) (102,175) (102,178) (102,131) (102,183) (102,128)
 (103,165) (103,107) (103,170) (103,169) (103,172) (103,130) (103,116) (103,186) (103,136) (103,179) (103,153) (103,196) (103,167) (103,157) (103,148) (103,120) (103,128) (103,193) (103,143) (103,171) (103,123) (103,158) (103,189) (103,181) (103,183) (103,138) (103,195) (103,110) (103,137) (103,124) (103,190) (103,147) (103,142) (103,125) (103,191) (103,129) (103,199) (103,198) (103,200)
 (104,124) (104,158) (104,119) (104,176) (104,163) (104,110) (104,178) (104,160) (104,157) (104,153) (104,185) (104,111) (104,131) (104,143) (104,168) (104,189) (104,105) (104,126) (104,174) (104,180) (104,118) (104,128) (104,188) (104,170) (104,181) (104,167) (104,169) (104,106) (104,198) (104,108) (104,133) (104,166) (104,150) (104,186) (104,165) (104,190) (104,146) (104,179) (104,130)
 (105,123) (105,195) (105,118) (105,164) (105,185) (105,149) (105,162) (105,198) (105,156) (105,174) (105,152) (105,137) (105,151) (105,112) (105,143) (105,145) (105,183) (105,129) (105,133) (105,186) (105,140) (105,136) (105,160) (105,194) (105,138) (105,172) (105,144) (105,128) (105,197) (105,139) (105,187) (105,191) (105,124) (105,131) (105,111) (105,120) (105,175)
 (106,118) (106,141) (106,140) (106,180) (106,198) (106,195) (106,124) (106,189) (106,116) (106,144) (106,169) (106,117) (106,184) (106,135) (106,133) (106,128) (106,131) (106,158) (106,179) (106,167) (106,166) (106,183) (106,108) (106,188) (106,163) (106,139)
 (107,113) (107,128) (107,112) (107,171) (107,109) (107,129) (107,150) (107,117) (107,168) (107,183) (107,143) (107,189) (107,188) (107,177) (107,116) (107,156) (107,169) (107,195) (107,199) (107,154) (107,145) (107,192) (107,198) (107,137) (107,161) (107,173) (107,190)
 (108,182) (108,170) (108,146) (108,114) (108,199) (108,164) (108,172) (108,161) (108,116) (108,193) (108,190) (108,176) (108,186) (108,133) (108,181) (108,184) (108,124) (108,138) (108,195) (108,188) (108,135) (108,183) (108,127) (108,163) (108,122) (108,144) (108,112)
 (109,122) (109,159) (109,196) (109,197) (109,178) (109,144) (109,145) (109,136) (109,138) (109,171) (109,129) (109,137) (109,156) (109,141) (109,199) (109,111) (109,135) (109,126) (109,194) (109,112) (109,200) (109,155) (109,127) (109,167) (109,172) (109,161) (109,154) (109,117)
 (110,112) (110,128) (110,125) (110,181) (110,195) (110,196) (110,194) (110,135) (110,192) (110,157) (110,149) (110,176) (110,126) (110,152) (110,197) (110,191) (110,118) (110,150) (110,198) (110,161) (110,117) (110,113) (110,184) (110,124) (110,130) (110,185) (110,120) (110,188) (110,171) (110,111)
 (111,116) (111,167) (111,193) (111,184) (111,135) (111,128) (111,131) (111,137) (111,143) (111,170) (111,129) (111,120) (111,153) (111,185) (111,152) (111,141) (111,188) (111,162) (111,190) (111,147) (111,164) (111,124) (111,168) (111,179) (111,187) (111,114) (111,186) (111,198) (111,122) (111,139) (111,112) (111,181) (111,145) (111,171) (111,121) (111,113) (111,156) (111,134) (111,130)
 (112,179) (112,114) (112,120) (112,129) (112,190) (112,116) (112,122) (112,195) (112,186) (112,131) (112,141) (112,181) (112,187) (112,125) (112,156) (112,159) (112,164) (112,144) (112,163) (112,188) (112,135)
 (113,152) (113,117) (113,125) (113,116) (113,148) (113,191) (113,165) (113,157) (113,142) (113,161) (113,124) (113,135) (113,172) (113,196) (113,164) (113,194) (113,183) (113,162) (113,177) (113,129) (113,167) (113,118) (113,122)
 (114,162) (114,197) (114,180) (114,186) (114,121) (114,146) (114,175) (114,117) (114,139) (114,185) (114,191) (114,193) (114,140) (114,137) (114,157) (114,127) (114,173) (114,153) (114,199) (114,115) (114,183) (114,119) (114,160) (114,172) (114,131) (114,165) (114,142) (114,181) (114,136)
 (115,127) (115,145) (115,136) (115,194) (115,148) (115,134) (115,133) (115,199) (115,153) (115,135) (115,184) (115,139) (115,161) (115,186) (115,142) (115,147) (115,125) (115,165) (115,164) (115,176) (115,159) (115,126) (115,187) (115,171) (115,179) (115,137) (115,116) (115,152) (115,189) (115,191) (115,149) (115,132)
 (116,174) (116,181) (116,157) (116,159) (116,134) (116,144) (116,180) (116,150) (116,124) (116,129) (116,145) (116,160) (116,158) (116,128) (116,138) (116,156) (116,139) (116,185) (116,198) (116,143) (116,137) (116,170) (116,155) (116,133) (116,183) (116,118) (116,199) (116,168)
 (117,169) (117,184) (117,124) (117,123) (117,168) (117,151) (117,149) (117,192) (117,136) (117,146) (117,154) (117,185) (117,173) (117,140) (117,145) (117,122) (117,150) (117,190) (117,193) (117,162) (117,120) (117,189)
 (118,200) (118,132) (118,197) (118,173) (118,140) (118,164) (118,161) (118,137) (118,160) (118,193) (118,121) (118,180) (118,183) (118,158) (118,186) (118,144) (118,199) (118,149) (118,148) (118,130) (118,166) (118,133) (118,162) (118,172) (118,196) (118,126) (118,175) (118,185) (118,190) (118,128) (118,146) (118,170) (118,159)
 (119,126) (119,154) (119,195) (119,158) (119,168) (119,192) (119,142) (119,167) (119,121) (119,174) (119,180) (119,157) (119,169) (119,199) (119,178) (119,129) (119,191) (119,155) (119,162) (119,124) (119,185) (119,128)
 (120,179) (120,161) (120,145) (120,134) (120,137) (120,132) (120,139) (120,195) (120,181) (120,186) (120,199) (120,146) (120,155) (120,185) (120,169) (120,184) (120,131) (120,135) (120,133) (120,149) (120,164) (120,192) (120,189) (120,165) (120,147) (120,157) (120,152) (120,150) (120,154)
 (121,177) (121,184) (121,169) (121,159) (121,185) (121,160) (121,138) (121,163) (121,135) (121,156) (121,164) (121,175) (121,154) (121,196) (121,153) (121,141) (121,198)
 (122,200) (122,155) (122,166) (122,193) (122,167) (122,183) (122,188) (122,174) (122,142) (122,141) (122,137) (122,176) (122,123) (122,131) (122,147) (122,182) (122,149) (122,148) (122,197) (122,177) (122,157) (122,152) (122,187) (122,199) (122,198) (122,189) (122,171) (122,185)
 (123,191) (123,126) (123,167) (123,176) (123,184) (123,145) (123,163) (123,131) (123,188) (123,177) (123,162) (123,161) (123,140) (123,182) (123,142) (123,199) (123,166) (123,170) (123,187) (123,134) (123,189) (123,159) (123,183) (123,129) (123,174) (123,130) (123,128) (123,135)
 (124,144) (124,168) (124,165) (124,139) (124,179) (124,194) (124,183) (124,171) (124,164) (124,197) (124,151) (124,172) (124,195) (124,131) (124,135) (124,189) (124,173) (124,158) (124,161) (124,129) (124,174) (124,141) (124,178) (124,170) (124,133) (124,190) (124,127) (124,137) (124,177) (124,182) (124,132)
 (125,191) (125,146) (125,157) (125,144) (125,137) (125,139) (125,169) (125,150) (125,149) (125,190) (125,136) (125,170) (125,167) (125,155) (125,161) (125,164) (125,185) (125,198) (125,174) (125,129) (125,158) (125,176) (125,177)
 (126,178) (126,174) (126,135) (126,190) (126,189) (126,164) (126,154) (126,166) (126,196) (126,161) (126,163) (126,185) (126,200) (126,160) (126,170) (126,186) (126,131) (126,151) (126,193) (126,150) (126,176) (126,138) (126,157) (126,129) (126,199)
 (127,199) (127,164) (127,162) (127,168) (127,133) (127,192) (127,165) (127,169) (127,140) (127,191) (127,152) (127,174) (127,135) (127,136) (127,159) (127,146) (127,184) (127,147) (127,177) (127,186) (127,197) (127,153) (127,188) (127,195) (127,200) (127,194)
 (128,146) (128,178) (128,150) (128,140) (128,177) (128,189) (128,137) (128,193) (128,160) (128,169) (128,199) (128,186) (128,181) (128,129) (128,145) (128,136) (128,139) (128,148) (128,149)
 (129,194) (129,136) (129,134) (129,172) (129,156) (129,164) (129,145) (129,180) (129,171) (129,148) (129,196) (129,161) (129,146) (129,195) (129,170) (129,185) (129,189) (129,155) (129,197) (129,140) (129,167) (129,138) (129,188)
 (130,181) (130,172) (130,180) (130,199) (130,176) (130,148) (130,178) (130,144) (130,154) (130,194) (130,147) (130,146) (130,135) (130,164) (130,160) (130,169) (130,162) (130,190) (130,142) (130,145) (130,168) (130,137) (130,175) (130,163)
 (131,189) (131,161) (131,173) (131,163) (131,148) (131,192) (131,160) (131,183) (131,185) (131,132) (131,171) (131,134) (131,181) (131,167) (131,193) (131,168) (131,200) (131,187) (131,133) (131,184) (131,153) (131,170) (131,191) (131,151) (131,174) (131,172) (131,176) (131,147) (131,135) (131,158)
 (132,152) (132,184) (132,180) (132,196) (132,191) (132,147) (132,143) (132,160) (132,151) (132,166) (132,195) (132,175) (132,141) (132,169) (132,176) (132,136) (132,186) (132,133) (132,158) (132,140) (132,174) (132,194) (132,190) (132,139) (132,192)
 (133,164) (133,141) (133,194) (133,167) (133,142) (133,169) (133,171) (133,199) (133,159) (133,180) (133,186) (133,145) (133,154) (133,140) (133,139) (133,174) (133,198) (133,189) (133,182) (133,148) (133,196) (133,197) (133,135) (133,151)
 (134,194) (134,187) (134,185) (134,180) (134,198) (134,181) (134,191) (134,140) (134,142) (134,135) (134,176) (134,182) (134,139) (134,147) (134,148) (134,200) (134,152) (134,165) (134,146) (134,153) (134,170) (134,155) (134,151)
 (135,193) (135,165) (135,166) (135,178) (135,167) (135,171) (135,160) (135,188) (135,184) (135,153) (135,172) (135,168) (135,197) (135,141) (135,179) (135,190) (135,138) (135,183) (135,155) (135,196) (135,150) (135,200) (135,149) (135,189)
 (136,152) (136,161) (136,193) (136,182) (136,185) (136,187) (136,178) (136,188) (136,160) (136,142) (136,169) (136,194) (136,141) (136,191) (136,143) (136,173) (136,180)
 (137,168) (137,152) (137,161) (137,148) (137,171) (137,187) (137,138) (137,160) (137,164) (137,167) (137,176) (137,192) (137,186) (137,151) (137,144) (137,157) (137,180) (137,191) (137,139) (137,166) (137,146) (137,154) (137,183)
 (138,149) (138,189) (138,180) (138,200) (138,175) (138,173) (138,179) (138,155) (138,167) (138,174) (138,148) (138,159) (138,195) (138,196) (138,178) (138,139) (138,183) (138,198) (138,193) (138,191) (138,156) (138,199) (138,153) (138,164) (138,190) (138,169) (138,185) (138,172) (138,163) (138,147)
 (139,185) (139,166) (139,171) (139,141) (139,168) (139,158) (139,186) (139,151) (139,142) (139,145) (139,200) (139,188) (139,162) (139,198) (139,163) (139,174) (139,184)
 (140,164) (140,185) (140,170) (140,195) (140,177) (140,152) (140,142) (140,182) (140,165) (140,191) (140,166) (140,178) (140,162) (140,159) (140,155) (140,199) (140,151)
 (141,160) (141,192) (141,166) (141,181) (141,172) (141,154) (141,168) (141,195) (141,179) (141,170) (141,191) (141,173) (141,200) (141,162) (141,187)
 (142,199) (142,196) (142,154) (142,192) (142,181) (142,166) (142,171) (142,193) (142,173) (142,194) (142,176) (142,188) (142,150) (142,195) (142,153) (142,168) (142,146) (142,157) (142,200) (142,182) (142,187) (142,158) (142,151) (142,167) (142,189) (142,145)
 (143,149) (143,172) (143,189) (143,185) (143,183) (143,147) (143,200) (143,155) (143,193) (143,197) (143,148) (143,187) (143,174) (143,191) (143,199) (143,171) (143,163) (143,173) (143,179) (143,181) (143,165)
 (144,193) (144,182) (144,153) (144,162) (144,177) (144,199) (144,158) (144,194) (144,152) (144,147) (144,168) (144,181) (144,191) (144,174) (144,189) (144,156) (144,146) (144,197) (144,161) (144,200)
 (145,149) (145,155) (145,194) (145,186) (145,158) (145,147) (145,175) (145,190) (145,178) (145,167) (145,150) (145,162) (145,171) (145,193) (145,179) (145,195) (145,200) (145,166) (145,146)
 (146,181) (146,168) (146,191) (146,194) (146,177) (146,185) (146,159) (146,184) (146,161) (146,182) (146,186) (146,199) (146,147) (146,198) (146,155) (146,192) (146,163)
 (147,170) (147,171) (147,167) (147,153) (147,199) (147,195) (147,184) (147,159) (147,189) (147,172) (147,187) (147,185) (147,178) (147,166) (147,168) (147,151) (147,162) (147,160) (147,182) (147,157) (147,164)
 (148,150) (148,179) (148,170) (148,191) (148,166) (148,189) (148,155) (148,200) (148,196) (148,175) (148,182) (148,184) (148,193) (148,153) (148,164) (148,169) (148,183) (148,176) (148,160) (148,167) (148,151) (148,174) (148,195)
 (149,194) (149,152) (149,191) (149,189) (149,181) (149,183) (149,190) (149,175) (149,168) (149,192) (149,173) (149,172) (149,155) (149,162) (149,154) (149,176) (149,153) (149,160) (149,177) (149,167) (149,180) (149,193) (149,170) (149,187)
 (150,199) (150,180) (150,198) (150,176) (150,169) (150,174) (150,154) (150,170) (150,166) (150,155) (150,157) (150,160) (150,173) (150,193) (150,153) (150,184) (150,167) (150,172) (150,196) (150,159) (150,151) (150,187) (150,158)
 (151,200) (151,171) (151,197) (151,192) (151,168) (151,160) (151,174) (151,154) (151,191) (151,178) (151,175) (151,157) (151,152) (151,169) (151,179) (151,196) (151,162)
 (152,158) (152,153) (152,175) (152,183) (152,159) (152,181) (152,157) (152,161) (152,198) (152,190) (152,184) (152,174) (152,189) (152,154)
 (153,189) (153,166) (153,194) (153,173) (153,174) (153,160) (153,156) (153,184) (153,199) (153,162) (153,169) (153,196) (153,192) (153,180)
 (154,163) (154,186) (154,193) (154,155) (154,159) (154,170) (154,194) (154,177) (154,165) (154,160) (154,171) (154,167) (154,191)
 (155,185) (155,173) (155,157) (155,187) (155,188) (155,158) (155,174) (155,175) (155,169) (155,192) (155,186) (155,156) (155,160) (155,182) (155,165) (155,172) (155,181) (155,168)
 (156,195) (156,194) (156,169) (156,193) (156,182) (156,196) (156,176) (156,172) (156,184) (156,197) (156,181) (156,175) (156,188) (156,157) (156,187)
 (157,190) (157,197) (157,199) (157,167) (157,162) (157,194) (157,174) (157,183) (157,169) (157,184) (157,179) (157,191)
 (158,167) (158,199) (158,176) (158,171) (158,170) (158,190) (158,172) (158,181) (158,169) (158,198) (158,180)
 (159,186) (159,164) (159,175) (159,177) (159,168) (159,169) (159,171) (159,181) (159,160) (159,178) (159,179) (159,189) (159,166) (159,176) (159,170) (159,199) (159,194) (159,198)
 (160,186) (160,196) (160,198) (160,162) (160,185) (160,195) (160,175) (160,179) (160,184) (160,200) (160,191) (160,183) (160,165) (160,172) (160,174) (160,161) (160,169) (160,180) (160,190)
 (161,180) (161,185) (161,187) (161,179) (161,182) (161,165) (161,166) (161,163) (161,198) (161,193) (161,177) (161,170) (161,183) (161,196)
 (162,184) (162,180) (162,190) (162,169) (162,174) (162,173) (162,181) (162,182) (162,164) (162,195) (162,166)
 (163,184) (163,196) (163,193) (163,175) (163,173) (163,171) (163,189) (163,186) (163,188) (163,195) (163,192) (163,174) (163,190)
 (164,196) (164,177) (164,168) (164,184) (164,165) (164,167) (164,166) (164,171) (164,185)
 (165,171) (165,194) (165,172) (165,185) (165,195) (165,173) (165,186)
 (166,180) (166,183) (166,193) (166,171) (166,177) (166,189)
 (167,194) (167,169) (167,190) (167,173) (167,188) (167,186) (167,187)
 (168,179) (168,169) (168,200) (168,188) (168,174) (168,187) (168,175) (168,178) (168,170)
 (169,181) (169,192) (169,186) (169,195) (169,193) (169,182) (169,173) (169,184) (169,200) (169,180) (169,177) (169,199) (169,190)
 (170,184) (170,193) (170,182) (170,171) (170,192) (170,196) (170,195)
 (171,181) (171,189) (171,182) (171,187) (171,195) (171,196) (171,172)
 (172,174) (172,193) (172,181) (172,186) (172,176) (172,179) (172,188) (172,199) (172,183) (172,189) (172,191) (172,196) (172,190) (172,200)
 (173,187) (173,189) (173,200) (173,183) (173,199) (173,174) (173,177) (173,175) (173,180) (173,198) (173,197) (173,194) (173,179) (173,190) (173,184)
 (174,197) (174,190) (174,180) (174,183) (174,179) (174,181) (174,178) (174,193)
 (175,193) (175,197) (175,176) (175,182) (175,190) (175,199) (175,188) (175,185) (175,184) (175,196)
 (176,184) (176,188) (176,185) (176,198) (176,177) (176,187) (176,191) (176,192) (176,186) (176,189)
 (177,192) (177,183) (177,187) (177,193) (177,178) (177,199)
 (178,188) (178,190) (178,197) (178,182) (178,186) (178,194) (178,185)
 (179,198) (179,199) (179,184) (179,181) (179,195) (179,186) (179,191)
 (180,199) (180,195) (180,193) (180,192) (180,187) (180,186) (180,189)
 (181,196) (181,195) (181,193) (181,187) (181,189) (181,188) (181,191)
 (182,198) (182,191) (182,196) (182,187) (182,186) (182,200) (182,188)
 (183,198) (183,192) (183,187) (183,188) (183,191)
 (184,200) (184,188) (184,190) (184,189) (184,197)
 (185,192) (185,190) (185,193) (185,195) (185,200) (185,187) (185,196) (185,199)
 (186,194) (186,200) (186,199) (186,190) (186,188)
 (187,198) (187,190) (187,188) (187,195) (187,199)
 (188,199) (188,191) (188,189)
 (189,194) (189,199) (189,196)
 (190,197) (190,194) (190,199) (190,191)
 (191,193) (191,192) (191,200)
 (192,193)
 (193,200)
 (194,195) (194,200) (194,197)


 (197,200)



;

end;
