# n300plap3i5.txt

# 53 cluster
param p := 53 ;

# 300 vertici
set V := 
 1 2 3 4 5 6 7 8 9 10 11 12 13 14 15 16 17 18 19 20 21 22 23 24 25 26 27 28 29 30 31 32 33 34 35 36 37 38 39 40 41 42 43 44 45 46 47 48 49 50 51 52 53 54 55 56 57 58 59 60 61 62 63 64 65 66 67 68 69 70 71 72 73 74 75 76 77 78 79 80 81 82 83 84 85 86 87 88 89 90 91 92 93 94 95 96 97 98 99 100 101 102 103 104 105 106 107 108 109 110 111 112 113 114 115 116 117 118 119 120 121 122 123 124 125 126 127 128 129 130 131 132 133 134 135 136 137 138 139 140 141 142 143 144 145 146 147 148 149 150 151 152 153 154 155 156 157 158 159 160 161 162 163 164 165 166 167 168 169 170 171 172 173 174 175 176 177 178 179 180 181 182 183 184 185 186 187 188 189 190 191 192 193 194 195 196 197 198 199 200 201 202 203 204 205 206 207 208 209 210 211 212 213 214 215 216 217 218 219 220 221 222 223 224 225 226 227 228 229 230 231 232 233 234 235 236 237 238 239 240 241 242 243 244 245 246 247 248 249 250 251 252 253 254 255 256 257 258 259 260 261 262 263 264 265 266 267 268 269 270 271 272 273 274 275 276 277 278 279 280 281 282 283 284 285 286 287 288 289 290 291 292 293 294 295 296 297 298 299 300
;

param w := 
  1    1
  2    2
  3    2
  4    3
  5    3
  6    3
  7    5
  8    5
  9    6
 10    6
 11    6
 12    8
 13   12
 14   12
 15   13
 16   13
 17   14
 18   14
 19   15
 20   15
 21   17
 22   19
 23   20
 24   20
 25   21
 26   21
 27   22
 28   22
 29   22
 30   24
 31   25
 32   27
 33   28
 34   31
 35   34
 36   34
 37   35
 38   36
 39   36
 40   36
 41   37
 42   39
 43   40
 44   42
 45   42
 46   42
 47   42
 48   42
 49   43
 50   45
 51   45
 52   47
 53   47
 54   48
 55   50
 56   52
 57   52
 58   53
 59   58
 60   60
 61   60
 62   60
 63   63
 64   63
 65   64
 66   67
 67   67
 68   68
 69   68
 70   69
 71   69
 72   70
 73   70
 74   70
 75   72
 76   73
 77   74
 78   78
 79   78
 80   78
 81   81
 82   81
 83   82
 84   82
 85   83
 86   84
 87   85
 88   85
 89   86
 90   87
 91   87
 92   88
 93   88
 94   89
 95   89
 96   89
 97   89
 98   91
 99   91
100   91
101   93
102   93
103   95
104   97
105   97
106   99
107  100
108  101
109  101
110  101
111  102
112  103
113  104
114  106
115  107
116  108
117  108
118  108
119  109
120  112
121  113
122  113
123  115
124  118
125  119
126  122
127  123
128  124
129  125
130  125
131  125
132  126
133  128
134  129
135  130
136  130
137  130
138  131
139  132
140  134
141  136
142  137
143  138
144  139
145  140
146  140
147  141
148  141
149  148
150  149
151  149
152  151
153  152
154  156
155  160
156  162
157  162
158  163
159  164
160  165
161  166
162  169
163  169
164  170
165  170
166  171
167  171
168  172
169  172
170  175
171  176
172  176
173  177
174  177
175  178
176  180
177  181
178  181
179  181
180  182
181  183
182  185
183  186
184  186
185  187
186  188
187  188
188  189
189  189
190  189
191  191
192  194
193  195
194  195
195  196
196  198
197  198
198  198
199  199
200  200
201  201
202  205
203  205
204  206
205  207
206  210
207  212
208  212
209  213
210  214
211  214
212  215
213  216
214  216
215  217
216  218
217  219
218  220
219  221
220  221
221  221
222  223
223  223
224  224
225  224
226  224
227  224
228  226
229  229
230  230
231  232
232  233
233  238
234  239
235  240
236  241
237  243
238  244
239  245
240  246
241  248
242  248
243  248
244  248
245  252
246  252
247  255
248  255
249  257
250  257
251  257
252  258
253  259
254  259
255  259
256  260
257  261
258  261
259  261
260  263
261  264
262  264
263  264
264  264
265  265
266  265
267  267
268  267
269  270
270  273
271  277
272  277
273  277
274  278
275  278
276  279
277  280
278  280
279  284
280  284
281  285
282  288
283  289
284  290
285  290
286  294
287  295
288  296
289  296
290  296
291  297
292  297
293  297
294  297
295  298
296  298
297  298
298  298
299  298
300  299
;

# 1718 lati
set E := 
 (1,79) (1,2) (1,194)
 (2,129) (2,79) (2,263) (2,165) (2,273)
 (3,295) (3,59) (3,161) (3,4) (3,153) (3,103) (3,102) (3,150)
 (4,295) (4,102) (4,150) (4,22) (4,249)
 (5,296) (5,203) (5,140) (5,29) (5,284) (5,182)
 (6,282) (6,187) (6,283) (6,31) (6,191) (6,286) (6,114)
 (7,226) (7,223) (7,99) (7,207)
 (8,172) (8,263) (8,248) (8,23)
 (9,176) (9,55) (9,171) (9,214) (9,120) (9,58) (9,220) (9,297)
 (10,211) (10,16) (10,271) (10,143)
 (11,277) (11,252) (11,202) (11,243) (11,222) (11,179) (11,130) (11,71)
 (12,107) (12,155) (12,132) (12,223) (12,99)
 (13,200) (13,45) (13,82) (13,56) (13,111) (13,270) (13,149) (13,197) (13,274)
 (14,170) (14,178) (14,261) (14,230)
 (15,70) (15,16) (15,211)
 (16,100) (16,143) (16,211) (16,160) (16,70) (16,19)
 (17,240) (17,186) (17,131) (17,232) (17,62)
 (18,92) (18,177) (18,142) (18,124) (18,264) (18,46) (18,183)
 (19,213) (19,289) (19,160) (19,188) (19,70) (19,201) (19,138)
 (20,26) (20,39)
 (21,115) (21,193) (21,281) (21,250)
 (22,300) (22,180) (22,136) (22,102) (22,249) (22,168) (22,190) (22,144)
 (23,67) (23,248) (23,262) (23,123) (23,263)
 (24,164) (24,72) (24,83) (24,140)
 (25,154) (25,288) (25,151) (25,34)
 (26,39)
 (27,101) (27,271) (27,173) (27,143) (27,84) (27,68)
 (28,205) (28,157) (28,158) (28,278)
 (29,52) (29,140) (29,296)
 (30,296) (30,169) (30,52) (30,130) (30,235) (30,146) (30,178)
 (31,162) (31,286) (31,283) (31,294) (31,234)
 (32,67) (32,104) (32,248)
 (33,76) (33,285) (33,72) (33,75) (33,52) (33,178) (33,60)
 (34,151) (34,166) (34,154) (34,281)
 (35,211) (35,227) (35,222) (35,70) (35,202)
 (36,206) (36,119) (36,153) (36,161) (36,265) (36,108) (36,37)
 (37,189) (37,237) (37,153) (37,145) (37,206)
 (38,256) (38,244) (38,283) (38,276) (38,232) (38,62)
 (39,69) (39,260) (39,233) (39,241) (39,229) (39,210) (39,163) (39,87)
 (40,111) (40,270) (40,141) (40,275) (40,199)
 (41,293) (41,110) (41,185) (41,171) (41,126)
 (42,257) (42,187) (42,128) (42,114)
 (43,88) (43,278)
 (44,167) (44,270) (44,272) (44,199) (44,224)
 (45,200) (45,56) (45,193) (45,115)
 (46,258) (46,177) (46,183) (46,290)
 (47,269) (47,221) (47,50) (47,164) (47,298)
 (48,54) (48,190) (48,102) (48,161) (48,119)
 (49,196) (49,145) (49,237) (49,184) (49,299) (49,228)
 (50,221) (50,83) (50,164) (50,81) (50,166) (50,154) (50,155)
 (51,219) (51,77) (51,276) (51,94) (51,228) (51,232) (51,217)
 (52,72) (52,140) (52,296) (52,178)
 (53,251) (53,112) (53,216) (53,133)
 (54,119) (54,161)
 (55,220) (55,96) (55,176) (55,69) (55,226)
 (56,193) (56,149)
 (57,109) (57,84) (57,117) (57,68) (57,273)
 (58,120) (58,293) (58,288) (58,214) (58,185)
 (59,217) (59,94) (59,125) (59,204) (59,103) (59,106) (59,153)
 (60,75) (60,186) (60,285) (60,72) (60,95)
 (61,101) (61,294) (61,173) (61,118)
 (62,256) (62,240) (62,147) (62,232)
 (63,238) (63,292) (63,91) (63,241) (63,278) (63,280)
 (64,191) (64,282) (64,97)
 (65,105) (65,192) (65,254) (65,136) (65,90) (65,157) (65,127)
 (66,247) (66,87) (66,210) (66,266) (66,218) (66,134)
 (67,248) (67,104) (67,262) (67,209)
 (68,84) (68,273) (68,271)
 (69,163) (69,96) (69,241) (69,292)
 (70,201) (70,202) (70,213) (70,211) (70,188) (70,208) (70,174)
 (71,239) (71,198) (71,279) (71,222) (71,252)
 (72,164) (72,140) (72,95)
 (73,90) (73,192) (73,278) (73,91) (73,157) (73,205)
 (74,162) (74,234)
 (75,285) (75,186) (75,76) (75,240)
 (76,174) (76,178) (76,240) (76,230)
 (77,232) (77,275) (77,125) (77,131) (77,219)
 (78,196) (78,184) (78,191) (78,187) (78,128)
 (79,172) (79,194) (79,263)
 (80,160) (80,289) (80,294) (80,234) (80,173)
 (81,268) (81,284) (81,195) (81,155) (81,83)
 (82,246) (82,134) (82,266) (82,270) (82,274) (82,272)
 (83,195) (83,140) (83,203) (83,268) (83,164)
 (84,118) (84,101) (84,117)
 (85,137) (85,108) (85,209) (85,299) (85,145)
 (86,93) (86,200) (86,115) (86,111)
 (87,225) (87,210) (87,247) (87,260)
 (88,278)
 (89,91) (89,238) (89,229) (89,260)
 (90,136) (90,192) (90,91) (90,225)
 (91,238) (91,278) (91,225) (91,260)
 (92,264) (92,177)
 (93,115) (93,275) (93,298) (93,281) (93,95) (93,164) (93,111)
 (94,125) (94,219) (94,217)
 (95,186) (95,164) (95,131) (95,275)
 (96,135) (96,242) (96,176) (96,152) (96,163)
 (97,276) (97,253) (97,191) (97,244) (97,196) (97,282)
 (98,122) (98,262) (98,299) (98,184) (98,209)
 (99,107) (99,156) (99,223) (99,132) (99,207)
 (100,143) (100,160) (100,173)
 (101,173) (101,118)
 (102,300) (102,190) (102,161)
 (103,150) (103,106)
 (104,113) (104,209) (104,248)
 (105,236) (105,180) (105,254) (105,136)
 (106,121) (106,175) (106,125) (106,167) (106,141) (106,249) (106,150)
 (107,223)
 (108,265) (108,206) (108,137) (108,145)
 (109,273) (109,148) (109,117) (109,123)
 (110,126) (110,185) (110,250)
 (111,275) (111,200) (111,270)
 (112,216) (112,113) (112,251) (112,137) (112,245) (112,265)
 (113,209) (113,137) (113,248) (113,216)
 (114,257) (114,117) (114,286) (114,118) (114,187)
 (115,281) (115,200) (115,193)
 (116,233) (116,152) (116,274) (116,210) (116,266)
 (117,257) (117,123) (117,118) (117,128)
 (118,286) (118,294)
 (119,190) (119,161) (119,265) (119,287)
 (120,293) (120,171)
 (121,249) (121,150)
 (122,184) (122,128) (122,262) (122,123)
 (123,148) (123,263) (123,262) (123,128)
 (124,139) (124,264) (124,265) (124,287) (124,142) (124,267)
 (125,219) (125,275) (125,141)
 (126,250) (126,242) (126,149) (126,193) (126,171)
 (127,254) (127,158) (127,157) (127,231)
 (128,184) (128,187) (128,257)
 (129,165) (129,263) (129,148)
 (130,169) (130,261) (130,182) (130,235) (130,202) (130,178) (130,243)
 (131,232) (131,186) (131,275)
 (132,297) (132,155) (132,156)
 (133,194) (133,216)
 (134,218) (134,266) (134,246)
 (135,163) (135,152) (135,233)
 (136,180) (136,225) (136,144)
 (137,209) (137,265)
 (138,201) (138,208) (138,162) (138,289)
 (139,142) (139,267)
 (140,203)
 (141,175) (141,275) (141,199)
 (142,183) (142,267) (142,245)
 (143,173) (143,271)
 (144,218) (144,247) (144,249) (144,272) (144,225)
 (145,206) (145,299) (145,237)
 (146,182) (146,296) (146,235)
 (147,256) (147,208) (147,162) (147,240) (147,283)
 (148,165) (148,273) (148,263)
 (149,197) (149,242) (149,193)
 (150,295) (150,249)
 (151,288) (151,281) (151,250) (151,185)
 (152,233) (152,197) (152,274) (152,242)
 (153,237) (153,204) (153,161)
 (154,288) (154,214) (154,155) (154,166)
 (155,297) (155,284) (155,223) (155,214)
 (156,297) (156,207)
 (157,192) (157,205) (157,158)
 (158,231) (158,278) (158,280)
 (159,215) (159,164)
 (160,173) (160,289)

 (162,234) (162,208) (162,289) (162,283)
 (163,233)
 (164,298) (164,215)
 (165,273)
 (166,221) (166,281)
 (167,224) (167,272) (167,249) (167,175)
 (168,287) (168,190) (168,255) (168,236) (168,180)
 (169,235)
 (170,230) (170,261) (170,291) (170,174)
 (171,176) (171,293) (171,242)
 (172,216) (172,263) (172,194) (172,248)
 (173,294)
 (174,230) (174,208) (174,240) (174,202) (174,291) (174,212)
 (175,199) (175,224)
 (176,242)
 (177,264) (177,255) (177,290)
 (178,230) (178,261)
 (179,277) (179,222) (179,202)
 (180,236)
 (181,259) (181,243)
 (182,296) (182,235) (182,243)
 (183,245) (183,231) (183,251) (183,258)
 (184,196) (184,299)
 (185,288) (185,250) (185,293)
 (186,240)
 (187,191)
 (188,213) (188,201)
 (189,206)
 (190,300) (190,287)
 (191,196) (191,282)

 (193,250)
 (194,216)
 (195,268) (195,203) (195,284)
 (196,228) (196,253)
 (197,274) (197,242)
 (198,279) (198,271) (198,239)
 (199,224) (199,270)

 (201,208)
 (202,277) (202,212) (202,261) (202,222)
 (203,284)
 (204,217) (204,237)
 (205,278)

 (207,226) (207,220) (207,297)
 (208,240)
 (209,262) (209,299)
 (210,233) (210,266)
 (211,271) (211,227)
 (212,291) (212,261)

 (214,288) (214,297)

 (216,248)
 (217,237) (217,228)
 (218,247) (218,272) (218,246)

 (220,297) (220,226)
 (221,269) (221,281)
 (222,227) (222,279) (222,271)
 (223,284)

 (225,260) (225,247)

 (227,271)
 (228,253) (228,276) (228,237)
 (229,241) (229,260) (229,238)

 (231,290) (231,258) (231,280) (231,254)
 (232,276)

 (234,289) (234,294)

 (236,255) (236,290) (236,254)

 (238,241)
 (239,243) (239,252)

 (241,292)

 (243,259) (243,252)
 (244,276) (244,283) (244,282)
 (245,267) (245,251) (245,265)
 (246,272)


 (249,272)
 (250,281)


 (253,276)
 (254,290)
 (255,287) (255,290) (255,264)
 (256,283)

 (258,290)


 (261,291)


 (264,287)
 (265,267) (265,287)
 (266,274)


 (269,298) (269,281)
 (270,272)
 (271,279)






 (278,280)

 (280,292)
 (281,298)
 (282,283)



 (286,294)














;

end;
