# n300plap2i4.txt

# 17 cluster
param p := 17 ;

# 300 vertici
set V := 
 1 2 3 4 5 6 7 8 9 10 11 12 13 14 15 16 17 18 19 20 21 22 23 24 25 26 27 28 29 30 31 32 33 34 35 36 37 38 39 40 41 42 43 44 45 46 47 48 49 50 51 52 53 54 55 56 57 58 59 60 61 62 63 64 65 66 67 68 69 70 71 72 73 74 75 76 77 78 79 80 81 82 83 84 85 86 87 88 89 90 91 92 93 94 95 96 97 98 99 100 101 102 103 104 105 106 107 108 109 110 111 112 113 114 115 116 117 118 119 120 121 122 123 124 125 126 127 128 129 130 131 132 133 134 135 136 137 138 139 140 141 142 143 144 145 146 147 148 149 150 151 152 153 154 155 156 157 158 159 160 161 162 163 164 165 166 167 168 169 170 171 172 173 174 175 176 177 178 179 180 181 182 183 184 185 186 187 188 189 190 191 192 193 194 195 196 197 198 199 200 201 202 203 204 205 206 207 208 209 210 211 212 213 214 215 216 217 218 219 220 221 222 223 224 225 226 227 228 229 230 231 232 233 234 235 236 237 238 239 240 241 242 243 244 245 246 247 248 249 250 251 252 253 254 255 256 257 258 259 260 261 262 263 264 265 266 267 268 269 270 271 272 273 274 275 276 277 278 279 280 281 282 283 284 285 286 287 288 289 290 291 292 293 294 295 296 297 298 299 300
;

param w := 
  1    1
  2    1
  3    2
  4    3
  5    5
  6    8
  7   11
  8   11
  9   17
 10   17
 11   19
 12   20
 13   21
 14   22
 15   22
 16   27
 17   29
 18   29
 19   29
 20   30
 21   32
 22   32
 23   33
 24   35
 25   36
 26   38
 27   38
 28   39
 29   39
 30   39
 31   40
 32   42
 33   48
 34   50
 35   51
 36   51
 37   52
 38   53
 39   55
 40   56
 41   57
 42   58
 43   58
 44   59
 45   59
 46   59
 47   59
 48   60
 49   62
 50   65
 51   65
 52   66
 53   67
 54   68
 55   70
 56   71
 57   71
 58   73
 59   73
 60   73
 61   74
 62   75
 63   76
 64   76
 65   76
 66   77
 67   77
 68   77
 69   78
 70   79
 71   82
 72   82
 73   83
 74   85
 75   85
 76   86
 77   88
 78   91
 79   91
 80   93
 81   93
 82   94
 83   94
 84   96
 85   97
 86   98
 87   98
 88   98
 89   99
 90  100
 91  101
 92  101
 93  102
 94  103
 95  104
 96  108
 97  108
 98  110
 99  112
100  112
101  113
102  114
103  115
104  116
105  116
106  116
107  118
108  119
109  120
110  121
111  121
112  123
113  123
114  125
115  126
116  128
117  130
118  130
119  130
120  130
121  130
122  131
123  131
124  131
125  132
126  133
127  133
128  133
129  135
130  135
131  137
132  137
133  139
134  139
135  141
136  144
137  145
138  145
139  145
140  146
141  148
142  149
143  149
144  151
145  151
146  151
147  152
148  152
149  152
150  152
151  153
152  153
153  154
154  156
155  159
156  159
157  162
158  163
159  164
160  164
161  164
162  165
163  166
164  167
165  169
166  170
167  171
168  173
169  174
170  175
171  176
172  177
173  179
174  179
175  179
176  182
177  182
178  183
179  183
180  185
181  186
182  187
183  187
184  189
185  190
186  191
187  191
188  192
189  193
190  194
191  195
192  196
193  196
194  197
195  197
196  199
197  201
198  202
199  202
200  202
201  203
202  204
203  205
204  205
205  205
206  207
207  207
208  207
209  208
210  209
211  210
212  211
213  211
214  214
215  217
216  217
217  219
218  220
219  220
220  222
221  222
222  224
223  225
224  227
225  227
226  228
227  230
228  230
229  231
230  232
231  232
232  233
233  234
234  234
235  237
236  237
237  237
238  238
239  238
240  238
241  239
242  239
243  239
244  242
245  243
246  244
247  248
248  249
249  249
250  250
251  250
252  250
253  252
254  254
255  256
256  256
257  260
258  260
259  260
260  260
261  261
262  261
263  264
264  266
265  266
266  266
267  266
268  267
269  267
270  267
271  268
272  269
273  269
274  270
275  270
276  273
277  273
278  273
279  276
280  280
281  280
282  281
283  283
284  283
285  284
286  285
287  287
288  287
289  289
290  290
291  290
292  290
293  292
294  292
295  294
296  295
297  296
298  297
299  298
300  299
;

# 1704 lati
set E := 
 (1,164) (1,162) (1,135) (1,10) (1,13)
 (2,32) (2,122) (2,70) (2,26)
 (3,181) (3,36) (3,109) (3,157) (3,193) (3,270) (3,96) (3,286) (3,16)
 (4,196) (4,222) (4,138) (4,284)
 (5,71) (5,83) (5,102) (5,112) (5,151) (5,232)
 (6,193) (6,221) (6,166) (6,254) (6,105) (6,123) (6,103)
 (7,134) (7,267) (7,241) (7,279) (7,76) (7,173) (7,53) (7,179) (7,265)
 (8,242) (8,149) (8,165) (8,205) (8,37)
 (9,119) (9,80) (9,246) (9,189) (9,48) (9,272)
 (10,136) (10,162) (10,240) (10,257) (10,13)
 (11,30) (11,84) (11,212) (11,68) (11,244) (11,218) (11,169) (11,204)
 (12,140) (12,72) (12,195) (12,145) (12,56)
 (13,212) (13,136) (13,135) (13,244) (13,210) (13,61)
 (14,299) (14,296) (14,298) (14,218)
 (15,170) (15,257) (15,128) (15,229) (15,67)
 (16,29) (16,36) (16,109) (16,270)
 (17,111) (17,275) (17,151) (17,156)
 (18,89) (18,95) (18,180) (18,107) (18,28) (18,133) (18,291) (18,269) (18,268) (18,247)
 (19,54) (19,260) (19,174) (19,234) (19,62)
 (20,216) (20,156) (20,275) (20,106) (20,294) (20,253)
 (21,70) (21,26) (21,48) (21,224) (21,277) (21,64)
 (22,166) (22,186) (22,47) (22,90)
 (23,130) (23,218)
 (24,62) (24,69) (24,278)
 (25,259) (25,256) (25,194) (25,115) (25,263)
 (26,277) (26,217) (26,195) (26,70) (26,265) (26,122)
 (27,158) (27,64) (27,35) (27,81) (27,88) (27,32) (27,214)
 (28,42) (28,268) (28,91) (28,247) (28,179)
 (29,109) (29,174) (29,219) (29,194)
 (30,264) (30,204) (30,233) (30,84)
 (31,268) (31,160) (31,121) (31,147) (31,91)
 (32,64) (32,214) (32,122) (32,70)
 (33,215) (33,237) (33,172) (33,249) (33,131) (33,67) (33,104) (33,252)
 (34,272) (34,119)
 (35,167) (35,183) (35,158) (35,81) (35,200) (35,129)
 (36,270)
 (37,285) (37,205) (37,176) (37,101) (37,165) (37,209)
 (38,295) (38,168) (38,140) (38,277) (38,224) (38,280) (38,217)
 (39,44) (39,171) (39,85) (39,114) (39,169) (39,220) (39,74) (39,132)
 (40,104) (40,164) (40,135) (40,68) (40,82)
 (41,121) (41,133) (41,126) (41,180) (41,147)
 (42,91)
 (43,159) (43,65)
 (44,132) (44,220)
 (45,113) (45,233) (45,231) (45,226) (45,300) (45,271) (45,209)
 (46,79) (46,131) (46,150) (46,298)
 (47,86) (47,90) (47,186) (47,250) (47,187)
 (48,139) (48,137) (48,189) (48,224) (48,64) (48,80)
 (49,61) (49,255) (49,244) (49,178) (49,210)
 (50,148) (50,125) (50,66) (50,94) (50,274) (50,93) (50,248)
 (51,154) (51,186) (51,223) (51,206) (51,103) (51,197)
 (52,297) (52,199) (52,293) (52,106) (52,74) (52,114)
 (53,65) (53,173) (53,267) (53,142) (53,230)
 (54,211) (54,234) (54,62) (54,280)
 (55,58) (55,146) (55,261) (55,236) (55,110)
 (56,72) (56,265) (56,195)
 (57,202) (57,189) (57,58) (57,278) (57,243) (57,281) (57,261)
 (58,110) (58,202) (58,261)
 (59,210) (59,61)
 (60,178) (60,152) (60,289) (60,124)
 (61,210) (61,244)
 (62,278) (62,174) (62,69) (62,280)
 (63,114) (63,300) (63,85) (63,146) (63,206) (63,197)
 (64,88) (64,70) (64,139)
 (65,159) (65,291) (65,269) (65,142) (65,267)
 (66,163) (66,94) (66,133) (66,251) (66,87) (66,228) (66,274) (66,291)
 (67,170) (67,164) (67,104) (67,257) (67,128) (67,162) (67,172)
 (68,135) (68,212) (68,79) (68,82) (68,218)
 (69,235) (69,288) (69,243) (69,278) (69,100) (69,174)

 (71,190) (71,232) (71,185) (71,75) (71,83)
 (72,260) (72,145)
 (73,225) (73,287) (73,101) (73,78) (73,176) (73,192) (73,299) (73,296)
 (74,171) (74,238) (74,114) (74,199)
 (75,83) (75,175) (75,151) (75,228) (75,185) (75,117)
 (76,198) (76,134) (76,173) (76,279)
 (77,161) (77,93) (77,210) (77,222) (77,127) (77,138)
 (78,176) (78,299) (78,298) (78,92)
 (79,298) (79,150) (79,82) (79,218)
 (80,139) (80,158) (80,88) (80,246)
 (81,214) (81,279) (81,241) (81,183) (81,198)
 (82,104) (82,177) (82,150)
 (83,151)
 (84,218) (84,296) (84,287) (84,233)
 (85,114) (85,300) (85,220)
 (86,187) (86,250) (86,223) (86,149) (86,242)
 (87,163) (87,274) (87,228) (87,185)
 (88,139) (88,158)
 (89,107)
 (90,273) (90,250) (90,286) (90,166)
 (91,160) (91,268)
 (92,99) (92,131) (92,298) (92,176)
 (93,161) (93,148) (93,127) (93,147) (93,248)
 (94,125) (94,126) (94,133) (94,148)
 (95,247) (95,269) (95,239)
 (96,283) (96,109) (96,219) (96,227) (96,208) (96,193)
 (97,144) (97,153) (97,290) (97,294) (97,111) (97,129)
 (98,115) (98,256) (98,236) (98,254) (98,261)
 (99,249) (99,176) (99,131) (99,201) (99,165)
 (100,194) (100,288) (100,235) (100,259) (100,188)
 (101,192) (101,176) (101,285)
 (102,118) (102,152) (102,151) (102,124) (102,156) (102,238) (102,112) (102,106)
 (103,155) (103,186) (103,166) (103,206) (103,154) (103,221)
 (104,177) (104,215) (104,164)
 (105,221) (105,254) (105,206) (105,236) (105,146)
 (106,199) (106,203) (106,253) (106,191) (106,238) (106,156) (106,293)

 (108,258) (108,297) (108,110) (108,146)
 (109,219)
 (110,258) (110,202) (110,146)
 (111,290) (111,151) (111,294) (111,275)
 (112,232) (112,124) (112,143) (112,255)
 (113,271) (113,233) (113,116)
 (114,297) (114,146)
 (115,263) (115,245) (115,213) (115,254) (115,256)
 (116,271) (116,287) (116,192) (116,233)
 (117,175) (117,251) (117,151) (117,153) (117,290) (117,228)
 (118,238) (118,289) (118,152)
 (119,189) (119,272)
 (120,292) (120,249)
 (121,268) (121,180) (121,147)
 (122,265) (122,241) (122,214)
 (123,213) (123,254) (123,193) (123,276)
 (124,152) (124,178) (124,255)
 (125,148)
 (126,133) (126,147) (126,148)
 (127,229) (127,240) (127,210) (127,141) (127,128)
 (128,170) (128,207) (128,172) (128,141) (128,229)
 (129,216) (129,253) (129,158) (129,294) (129,183) (129,246) (129,144)
 (130,218)
 (131,215) (131,298) (131,150) (131,249)
 (132,220) (132,169) (132,204)
 (133,180) (133,291)
 (134,279)
 (135,212) (135,164)
 (136,210) (136,240)
 (137,281) (137,224) (137,189)
 (138,222) (138,161) (138,196) (138,248)

 (140,145) (140,168) (140,195) (140,295)
 (141,266) (141,252) (141,207) (141,237)
 (142,291) (142,251) (142,153) (142,230)
 (143,284) (143,190) (143,232) (143,196) (143,222) (143,185) (143,255)
 (144,230) (144,183) (144,153)
 (145,168) (145,260) (145,282)
 (146,206) (146,297) (146,236)
 (147,160) (147,148)

 (149,205) (149,223) (149,242)
 (150,177) (150,215)
 (151,290) (151,156)
 (152,289)
 (153,230) (153,290) (153,251)
 (154,155) (154,206)
 (155,206)
 (156,275)
 (157,181)
 (158,246)


 (161,248)
 (162,257) (162,164)


 (165,242) (165,201) (165,176) (165,250) (165,273)
 (166,286) (166,193) (166,186)
 (167,200)
 (168,282) (168,280)
 (169,178) (169,289) (169,171) (169,244) (169,204)

 (171,289) (171,238)
 (172,207) (172,237)
 (173,230) (173,183) (173,198)
 (174,188) (174,235) (174,194) (174,260)
 (175,228)

 (177,215)
 (178,255) (178,289) (178,244)
 (179,267) (179,184) (179,247) (179,265) (179,269) (179,239)
 (180,268)

 (182,283) (182,276) (182,208)
 (183,230) (183,198)
 (184,269) (184,267)
 (185,190) (185,248) (185,228) (185,196) (185,274)
 (186,223) (186,187)
 (187,223)
 (188,235) (188,194)
 (189,202) (189,258) (189,281) (189,272)
 (190,232)
 (191,203)
 (192,285) (192,287) (192,271)
 (193,276) (193,283) (193,286)
 (194,259) (194,263) (194,219)
 (195,295) (195,262) (195,265) (195,217)
 (196,284) (196,248)
 (197,226) (197,300) (197,206) (197,223)
 (198,279)
 (199,238)

 (201,273) (201,270)
 (202,258)

 (204,220) (204,300) (204,264) (204,231)
 (205,223) (205,209) (205,226)
 (206,221)
 (207,237)
 (208,227) (208,213) (208,245) (208,276) (208,283)
 (209,271) (209,226) (209,285)
 (210,222) (210,255) (210,240)
 (211,280) (211,234) (211,282)
 (212,244)
 (213,276) (213,245) (213,254)
 (214,241)

 (216,294) (216,253)
 (217,262) (217,277) (217,295)
 (218,296) (218,298)
 (219,227) (219,263)
 (220,300)

 (222,255) (222,284)
 (223,226)
 (224,281) (224,278) (224,280) (224,277)
 (225,287) (225,296)
 (226,300)
 (227,245) (227,263)
 (228,251)
 (229,257) (229,240)

 (231,300) (231,264) (231,233)

 (233,264) (233,287)
 (234,260) (234,282)

 (236,261) (236,254)
 (237,266) (237,252)
 (238,289)
 (239,247) (239,269)
 (240,257)
 (241,279) (241,265)
 (242,250)
 (243,288) (243,256) (243,261) (243,278)

 (245,263)
 (246,272) (246,293) (246,253)

 (248,274)
 (249,292) (249,252)
 (250,273)
 (251,291)
 (252,266)
 (253,293)


 (256,261) (256,288) (256,259)

 (258,293) (258,297) (258,272)
 (259,288)
 (260,282)

 (262,295)




 (267,269)

 (269,291)
 (270,273) (270,286)
 (271,285)
 (272,293)
 (273,286)

 (275,294)
 (276,283)

 (278,281) (278,280)

 (280,282)






 (287,296)





 (293,297)


 (296,299)

 (298,299)


;

end;
