# n300plap1i1.txt

# 6 cluster
param p := 6 ;

# 300 vertici
set V := 
 1 2 3 4 5 6 7 8 9 10 11 12 13 14 15 16 17 18 19 20 21 22 23 24 25 26 27 28 29 30 31 32 33 34 35 36 37 38 39 40 41 42 43 44 45 46 47 48 49 50 51 52 53 54 55 56 57 58 59 60 61 62 63 64 65 66 67 68 69 70 71 72 73 74 75 76 77 78 79 80 81 82 83 84 85 86 87 88 89 90 91 92 93 94 95 96 97 98 99 100 101 102 103 104 105 106 107 108 109 110 111 112 113 114 115 116 117 118 119 120 121 122 123 124 125 126 127 128 129 130 131 132 133 134 135 136 137 138 139 140 141 142 143 144 145 146 147 148 149 150 151 152 153 154 155 156 157 158 159 160 161 162 163 164 165 166 167 168 169 170 171 172 173 174 175 176 177 178 179 180 181 182 183 184 185 186 187 188 189 190 191 192 193 194 195 196 197 198 199 200 201 202 203 204 205 206 207 208 209 210 211 212 213 214 215 216 217 218 219 220 221 222 223 224 225 226 227 228 229 230 231 232 233 234 235 236 237 238 239 240 241 242 243 244 245 246 247 248 249 250 251 252 253 254 255 256 257 258 259 260 261 262 263 264 265 266 267 268 269 270 271 272 273 274 275 276 277 278 279 280 281 282 283 284 285 286 287 288 289 290 291 292 293 294 295 296 297 298 299 300
;

param w := 
  1    1
  2    1
  3    2
  4    5
  5    6
  6    7
  7    8
  8    8
  9    8
 10    9
 11   10
 12   10
 13   10
 14   12
 15   14
 16   17
 17   17
 18   18
 19   19
 20   19
 21   21
 22   22
 23   25
 24   25
 25   26
 26   28
 27   28
 28   31
 29   32
 30   33
 31   33
 32   33
 33   34
 34   36
 35   37
 36   38
 37   38
 38   39
 39   41
 40   42
 41   42
 42   42
 43   43
 44   44
 45   44
 46   47
 47   48
 48   50
 49   50
 50   51
 51   51
 52   51
 53   52
 54   52
 55   53
 56   54
 57   57
 58   58
 59   58
 60   60
 61   60
 62   60
 63   60
 64   61
 65   61
 66   61
 67   63
 68   63
 69   67
 70   69
 71   69
 72   69
 73   72
 74   74
 75   74
 76   75
 77   76
 78   77
 79   78
 80   79
 81   80
 82   83
 83   84
 84   85
 85   85
 86   88
 87   90
 88   91
 89   91
 90   93
 91   94
 92   96
 93   96
 94   97
 95   98
 96  100
 97  100
 98  100
 99  100
100  103
101  104
102  105
103  108
104  109
105  110
106  112
107  113
108  113
109  113
110  114
111  116
112  116
113  120
114  120
115  121
116  121
117  122
118  123
119  123
120  123
121  123
122  124
123  126
124  127
125  129
126  131
127  132
128  134
129  134
130  134
131  135
132  135
133  136
134  137
135  137
136  138
137  138
138  138
139  140
140  140
141  140
142  140
143  142
144  143
145  143
146  145
147  146
148  148
149  148
150  154
151  154
152  154
153  155
154  155
155  157
156  158
157  159
158  160
159  163
160  163
161  164
162  165
163  165
164  165
165  166
166  167
167  168
168  168
169  169
170  169
171  170
172  171
173  173
174  173
175  175
176  175
177  175
178  176
179  177
180  179
181  180
182  180
183  182
184  183
185  183
186  184
187  184
188  184
189  186
190  187
191  188
192  190
193  192
194  193
195  193
196  193
197  193
198  195
199  196
200  196
201  197
202  198
203  198
204  199
205  200
206  201
207  202
208  203
209  205
210  205
211  205
212  206
213  207
214  208
215  209
216  212
217  215
218  215
219  216
220  216
221  219
222  220
223  222
224  222
225  223
226  223
227  224
228  225
229  226
230  227
231  227
232  229
233  233
234  235
235  235
236  238
237  239
238  239
239  239
240  239
241  240
242  243
243  244
244  244
245  244
246  244
247  248
248  248
249  249
250  250
251  252
252  252
253  252
254  253
255  253
256  254
257  254
258  255
259  256
260  257
261  257
262  257
263  259
264  260
265  261
266  261
267  263
268  265
269  266
270  266
271  267
272  269
273  273
274  274
275  275
276  276
277  277
278  277
279  279
280  279
281  281
282  282
283  283
284  284
285  288
286  289
287  290
288  291
289  291
290  291
291  292
292  292
293  295
294  295
295  296
296  296
297  297
298  299
299  299
300  299
;

# 1736 lati
set E := 
 (1,140) (1,274) (1,72) (1,7) (1,67) (1,149)
 (2,50) (2,82) (2,138) (2,185) (2,46) (2,184)
 (3,28) (3,184) (3,20) (3,100) (3,138) (3,245)
 (4,145) (4,84) (4,285) (4,275) (4,83) (4,95) (4,234) (4,271) (4,121)
 (5,35) (5,134) (5,11) (5,292) (5,31)
 (6,120) (6,71) (6,56) (6,287) (6,87) (6,11) (6,146) (6,292)
 (7,274) (7,72) (7,178)
 (8,258) (8,195) (8,137) (8,69) (8,205) (8,285) (8,24)
 (9,76) (9,168) (9,16) (9,193) (9,266)
 (10,286) (10,294) (10,92) (10,56) (10,253) (10,216) (10,66)
 (11,167) (11,146) (11,292) (11,31) (11,120) (11,225)
 (12,55) (12,138) (12,245) (12,224)
 (13,32) (13,299) (13,115) (13,116) (13,248) (13,215) (13,125)
 (14,179) (14,70) (14,142) (14,174)
 (15,105) (15,288) (15,240) (15,76)
 (16,168) (16,54) (16,220) (16,296) (16,266)
 (17,197) (17,28) (17,199) (17,177) (17,57) (17,184)
 (18,170) (18,282) (18,36) (18,233) (18,58)
 (19,119) (19,205)
 (20,203) (20,245) (20,100) (20,224) (20,226) (20,296) (20,80)
 (21,151) (21,201) (21,277) (21,171) (21,61) (21,89) (21,164) (21,37) (21,238)
 (22,59) (22,287) (22,103) (22,109) (22,252) (22,152)
 (23,202) (23,189) (23,89) (23,280) (23,81) (23,143) (23,238)
 (24,135) (24,259) (24,137) (24,246) (24,258) (24,27)
 (25,108) (25,295) (25,192) (25,77) (25,217) (25,42) (25,250) (25,242)
 (26,271) (26,279) (26,121)
 (27,135) (27,69) (27,194) (27,259)
 (28,199) (28,100) (28,184)
 (29,155) (29,210) (29,55) (29,78) (29,290)
 (30,297) (30,147) (30,163)
 (31,35) (31,122) (31,167) (31,85) (31,208) (31,217)
 (32,115)
 (33,129) (33,265) (33,153) (33,48) (33,294) (33,103)
 (34,200) (34,158) (34,178) (34,274)
 (35,208) (35,134)
 (36,233) (36,282) (36,263) (36,44) (36,131)
 (37,151) (37,201)
 (38,294) (38,136) (38,141) (38,66)
 (39,237) (39,117) (39,232) (39,70) (39,211) (39,252) (39,186)
 (40,48) (40,103) (40,62)
 (41,162) (41,212) (41,221) (41,182)
 (42,300) (42,77) (42,179) (42,251) (42,108) (42,293)
 (43,161) (43,217) (43,85) (43,57) (43,131) (43,150)
 (44,131) (44,163) (44,263) (44,185) (44,297)
 (45,229) (45,268) (45,239) (45,276) (45,70)
 (46,184) (46,118) (46,50) (46,177) (46,185)
 (47,255) (47,169) (47,181) (47,51) (47,283) (47,132)
 (48,62) (48,103) (48,153)
 (49,300) (49,276) (49,251) (49,158) (49,212) (49,235)
 (50,185)
 (51,132) (51,266) (51,228) (51,127) (51,193) (51,181)
 (52,61) (52,78) (52,201) (52,210)
 (53,246) (53,101) (53,243) (53,88) (53,137) (53,63) (53,160)
 (54,296) (54,100) (54,168)
 (55,275) (55,82) (55,224) (55,290) (55,155) (55,138)
 (56,216) (56,261) (56,71) (56,287) (56,286)
 (57,197) (57,150) (57,85) (57,177) (57,219)
 (58,170) (58,161) (58,282) (58,250)
 (59,109) (59,292) (59,287)
 (60,182) (60,130) (60,116) (60,162)
 (61,171) (61,201) (61,78)
 (62,153) (62,152) (62,103)
 (63,218) (63,137) (63,88) (63,270) (63,271) (63,230)
 (64,229) (64,235) (64,190) (64,72) (64,209)
 (65,92) (65,173) (65,236) (65,154) (65,253) (65,254)
 (66,136) (66,68) (66,253) (66,141) (66,294)
 (67,267) (67,140) (67,274) (67,278) (67,200) (67,130)
 (68,253) (68,141) (68,129) (68,124)
 (69,135) (69,258) (69,195)
 (70,142) (70,232) (70,239) (70,276) (70,174) (70,211)
 (71,87) (71,286) (71,157)
 (72,149) (72,190) (72,178) (72,235)
 (73,91) (73,146) (73,225) (73,105) (73,157) (73,154)
 (74,114) (74,289) (74,215) (74,298) (74,112)
 (75,214) (75,173) (75,188) (75,206)
 (76,193) (76,255) (76,168) (76,240) (76,105)
 (77,179) (77,174) (77,192) (77,232)
 (78,210) (78,290) (78,171) (78,249) (78,198)
 (79,208) (79,223) (79,262) (79,231)
 (80,203) (80,247) (80,224) (80,226) (80,280)
 (81,238) (81,280) (81,256) (81,151)
 (82,175) (82,185) (82,275) (82,138) (82,95) (82,163) (82,113)
 (83,84) (83,205) (83,285) (83,234)
 (84,234)
 (85,219) (85,217) (85,99) (85,288) (85,167)
 (86,172) (86,90) (86,166) (86,213)
 (87,157) (87,146)
 (88,191) (88,160) (88,270)
 (89,143) (89,291) (89,238) (89,277) (89,111)
 (90,281) (90,128) (90,148) (90,172) (90,213) (90,196)
 (91,236) (91,105) (91,169) (91,154)
 (92,96) (92,154) (92,286) (92,253)
 (93,214) (93,254) (93,169) (93,173)
 (94,172) (94,148) (94,166) (94,97) (94,241) (94,222)
 (95,275) (95,175) (95,145) (95,113)
 (96,154) (96,286) (96,157)
 (97,144) (97,222) (97,166) (97,226) (97,220) (97,156)
 (98,222) (98,266) (98,220)
 (99,199) (99,197) (99,240) (99,100) (99,288) (99,219)
 (100,240) (100,199) (100,168) (100,296)
 (101,194) (101,267) (101,160) (101,243) (101,289)
 (102,190) (102,149) (102,278) (102,140)
 (103,265) (103,261) (103,152) (103,287)
 (104,227) (104,208)
 (105,288) (105,225) (105,169) (105,255)
 (106,211) (106,153) (106,152) (106,239) (106,209) (106,117)
 (107,123) (107,299) (107,242) (107,295) (107,159) (107,248) (107,233)
 (108,242) (108,293)
 (109,292) (109,187) (109,252) (109,134) (109,186)
 (110,242) (110,221) (110,293) (110,248)
 (111,213) (111,143) (111,196) (111,202) (111,291)
 (112,125) (112,289) (112,298) (112,267) (112,176) (112,183)
 (113,121) (113,145) (113,163)
 (114,215) (114,289) (114,115) (114,207) (114,160)
 (115,215) (115,257) (115,207) (115,299)
 (116,267) (116,248) (116,125) (116,130) (116,183) (116,162)
 (117,211) (117,152) (117,252)
 (118,177) (118,131) (118,150) (118,185)
 (119,205)
 (120,146)
 (121,163) (121,145) (121,271) (121,279)
 (122,223) (122,192) (122,208) (122,217)
 (123,159) (123,299) (123,257)
 (124,206) (124,173) (124,188) (124,133) (124,269) (124,253)
 (125,176) (125,298) (125,183) (125,215)
 (126,272) (126,241) (126,148) (126,264)
 (127,269) (127,133) (127,228) (127,181)
 (128,277) (128,196) (128,281)
 (129,153) (129,294) (129,141)
 (130,267) (130,200) (130,182)
 (131,185) (131,150) (131,282) (131,161)
 (132,193) (132,255)
 (133,181) (133,188) (133,269) (133,139)
 (134,292) (134,208) (134,186) (134,262)
 (135,258)
 (136,141)
 (137,246) (137,230) (137,285)
 (138,245) (138,184)
 (139,188) (139,181)
 (140,278) (140,149)
 (141,294)
 (142,276) (142,179) (142,300)
 (143,202)
 (144,166) (144,156)

 (146,157) (146,225)
 (147,279) (147,207) (147,257) (147,163) (147,273) (147,297)
 (148,281) (148,241) (148,172) (148,272)
 (149,190)
 (150,177)
 (151,238) (151,201) (151,256)
 (152,153) (152,252)
 (153,190) (153,209)
 (154,236) (154,157)
 (155,247) (155,210) (155,224)
 (156,204) (156,226) (156,189) (156,166)
 (157,286)
 (158,235) (158,178) (158,200) (158,212)
 (159,257) (159,263) (159,233) (159,297)
 (160,207) (160,260) (160,289) (160,191)
 (161,282) (161,250) (161,217)
 (162,248) (162,182) (162,221)
 (163,185) (163,297) (163,279)
 (164,284) (164,234) (164,277) (164,244) (164,249) (164,171) (164,198)
 (165,195) (165,244)
 (166,172) (166,213) (166,189)
 (167,225) (167,288)
 (168,240)
 (169,214) (169,255) (169,254) (169,283) (169,236)
 (170,250) (170,233) (170,295)
 (171,249)

 (173,206) (173,253) (173,254) (173,214)
 (174,179) (174,232)
 (175,275)
 (176,183)
 (177,184)
 (178,274) (178,235)
 (179,300)
 (180,280) (180,256)
 (181,283) (181,188)
 (182,200) (182,212)
 (183,267)


 (186,187) (186,262) (186,252) (186,237)
 (187,252)
 (188,206) (188,214) (188,283)
 (189,280) (189,226) (189,213) (189,202)
 (190,278) (190,209)
 (191,270) (191,260)
 (192,231) (192,217) (192,223) (192,232)
 (193,266) (193,255)
 (194,259) (194,243)
 (195,205) (195,244)
 (196,291) (196,277) (196,213)
 (197,219) (197,199)
 (198,290) (198,249) (198,234) (198,275)

 (200,212) (200,274)
 (201,256) (201,210)
 (202,213)
 (203,224)
 (204,226)
 (205,244) (205,285) (205,234) (205,284)

 (207,273) (207,260) (207,257)
 (208,223) (208,262) (208,227)
 (209,239) (209,229)
 (210,256) (210,247)
 (211,239)
 (212,221) (212,251)

 (214,283)
 (215,298)
 (216,265) (216,294) (216,261)
 (217,250)
 (218,230) (218,271)

 (220,222) (220,296) (220,226) (220,266)
 (221,293) (221,251) (221,248)
 (222,266) (222,241) (222,228)
 (223,231)
 (224,245) (224,247)
 (225,288)
 (226,296) (226,280)

 (228,241) (228,266) (228,264) (228,269)
 (229,239) (229,268) (229,235)
 (230,285) (230,271)
 (231,232) (231,262) (231,237)
 (232,237)
 (233,295) (233,263)
 (234,275) (234,284)
 (235,268) (235,276)
 (236,254)
 (237,262)


 (240,288)
 (241,264)
 (242,248) (242,295) (242,293)
 (243,259) (243,246)
 (244,284)

 (246,259)
 (247,256) (247,280)
 (248,299)

 (250,295)
 (251,300) (251,293)




 (256,280)
 (257,297) (257,299)


 (260,273) (260,270)
 (261,287) (261,265)

 (263,297)
 (264,269) (264,272)
 (265,294)

 (267,289)
 (268,276)
 (269,281) (269,272)
 (270,279) (270,271) (270,273)
 (271,279) (271,285)
 (272,281)
 (273,279)

 (275,290)
 (276,300)
 (277,291)









 (287,292)













;

end;
